    2618
    2174
    4317
    5051
    3935
    3038
    4972
     796
    3917
    4721
     640
     698
     829
    1932
    3648
    5343
    1953
    4720
    1323
    2622
     100
     508
     176
      58
    2540
    5149
    3637
    2588
    1425
    3923
     301
    4222
    3335
    5352
    2628
    3843
    3485
    2695
    5262
    1873
    1887
     373
    3194
    2715
    2928
    1313
    2530
    4881
    1129
    4476
    1974
    1228
      79
    2773
    1909
    2618
    2393
      18
    5205
    4441
    4564
    5506
    3135
    2371
     425
     858
     685
    3909
    3553
    1042
     254
     535
    2038
    3447
    3250
    4966
    5384
     875
    4318
     984
    5350
    1387
    2835
     524
    4159
    4743
    3142
    1648
    4760
    3442
     560
    3796
    4043
    4318
     638
    4467
     272
    1946
    2848
    3824
    3611
    3725
    4982
     120
    2267
    3327
    5085
    2122
    4201
    4498
    3105
    4646
     356
     411
    5170
    5139
    5154
    3407
    1258
    5009
    1320
    1817
    3900
    5363
    1231
    5161
    4925
    1502
    2202
    2868
    5325
     284
    1064
    5402
    1028
    3331
    3201
     584
     548
    1873
    5082
    3653
    1615
     533
    4687
    1880
     143
    4936
    5286
    2024
    5041
    1701
    3841
    4036
    2159
     167
    3669
    1556
    1668
     966
    4423
    2088
    1250
     583
    1961
    2277
    4537
    5161
    3484
    5084
    2130
    3661
    3832
    3744
    4194
    3615
     719
    4960
    3646
    1100
    1456
    3158
    2800
     392
    1666
      55
    1182
     430
    1610
    2849
    1395
    1128
    4936
    3268
    2334
    1368
     640
    1966
    1001
    4748
    1522
    3754
    2880
     449
    2593
    2169
    4063
    3311
    2225
    2181
    4410
    4304
     434
    2305
    5319
    2723
    2983
     972
    3152
    4592
    3820
    5171
     816
    3227
    3534
    3773
    5218
    4798
     211
     690
    4017
    2356
    4443
    1368
    2804
    2131
    4161
    1963
    5441
     857
    4767
    4946
    5160
    5200
    2347
    4950
    3019
    5329
    1017
    1266
    5017
    4836
     908
     928
    3158
    5066
    4700
    2847
    4335
    4910
    4161
    2823
    1737
    3699
    4814
    5165
     302
    3446
    1599
     214
    4926
     837
     256
    4557
    1132
    2602
    4602
    4150
    3026
      90
    5416
    2514
      21
    1419
    3441
    3178
     956
    3237
     497
    5290
    3242
    4657
    2584
    4979
    2827
    2494
    5239
    3128
     411
    1309
    3966
    5337
    2769
    4845
    4989
    3900
    1918
    4687
    2522
      39
    5400
    2409
    2553
    5421
    3827
    1089
    3694
    5407
    4325
    4814
    5168
    2039
    3942
    2848
    2113
    1865
    5341
    1823
      88
     847
    3755
    4677
    1279
     995
    3993
    1364
    4894
    1006
     522
    1887
    1045
     393
    4919
    4221
     909
    3842
    5309
    5227
    3720
    4730
    4512
    3983
    1864
    2926
    1302
    4600
    5414
    1738
    1518
     597
    3209
    5272
    5274
    4487
     738
    3738
     322
     727
    4744
    1467
    3238
     260
    2484
    2628
    4480
    4016
    1565
    4884
    3714
     380
    4709
    2698
    4363
    1044
     719
     136
     115
    1228
    2498
    1632
    1824
     178
    1999
    1569
    5288
    3360
    5307
     706
    4087
    5146
    2172
    1796
     501
    5279
    5047
    4980
    3767
    1708
    4959
    1952
    2087
    4140
    5273
     921
    5183
     463
    1681
     394
    1690
    4802
    2649
    3514
    4979
    5272
     178
    5362
    3103
     580
     539
    2285
     197
    2711
    4704
    1321
    2461
    4223
     772
    1323
    1026
     827
    3275
    3112
    4966
    3643
    4657
    5244
    4106
     809
     733
     891
     706
    3382
    5028
     156
    3749
    5206
     613
    1323
     881
    1152
    3608
    1702
    4486
    2783
    3022
    2042
    2101
    4418
    3365
    3126
    5244
    1735
    1334
    4681
    5377
     462
    4396
    4578
    1894
    5129
    5469
    3223
    3606
      64
    4002
    1826
    5269
    4614
    3772
    1246
     237
    2475
    2947
    4722
    5258
    1064
    1236
    2454
    5481
    5224
     676
    5196
    1430
    2633
    4972
    1902
    3718
    4464
     952
     707
    4688
    1516
    3929
    2765
    1579
    2402
    5214
    1944
    1487
    4081
    3813
    2348
    1028
    1231
    1541
    1381
    2918
    3400
    3834
    2871
    3719
    5133
    3162
     244
    2237
    2606
    2146
     426
    1541
    3721
    1132
    1324
     332
     156
    4712
    2534
    2557
    4397
    4477
    4044
    3573
    2761
     863
    4600
    4615
    3027
     452
    2005
    1523
    4910
    5499
    5241
    5138
    3132
    5485
    1847
     833
    2726
    2896
    2997
    1542
    4652
    4320
    1873
    4807
    3503
    4406
    1836
    2995
    3979
     975
    1664
    1835
    2461
     735
    1546
     583
    1811
    3550
    2105
    1816
    4144
    2442
    1425
    2371
    3022
    3895
    3204
     843
    1887
    1296
    2384
    1010
     712
    4880
     288
    4214
    3757
    2747
    2305
    2831
    4345
    3968
    4666
    1277
    5326
     683
    1860
    2232
    4856
    4588
    4047
    3471
    2125
     568
     313
    5146
    4462
    4140
     460
    1444
     532
    3467
    2453
    1243
    2818
    3365
    5456
    1047
     583
    2856
    4501
    4928
    1919
    3638
    1300
    1717
    4320
    3783
    3948
    4271
    3467
    3091
    2837
      63
    3658
    3774
     305
    3215
    2385
    1388
    4659
    2916
    4855
    2207
    4158
    2144
      43
    4710
    3814
    1250
    2661
    2787
    1273
    5204
     896
    2572
    1392
     312
    1451
     435
    5206
    4917
    4149
    2515
      75
    2278
     760
     379
     589
    3768
    2391
     343
    1780
    1717
    2549
    1033
    3860
    2592
     838
    2146
    4465
    3499
      28
     209
    3174
     923
    3404
    5189
    1858
    5478
     719
    1536
    4866
    4868
    4674
      37
    2241
    5433
    1039
    2829
    3672
    3429
    3171
    5451
    5145
     192
     956
    4101
    3407
    1793
     718
    2967
     387
    1369
    3799
    4184
    2291
    1674
    4468
    4773
    1624
    5187
    1404
    1585
    5150
     549
    2245
    1862
    1077
    3284
    5315
    4748
    1808
    2957
    5295
    1425
    3772
    1346
     621
    2274
    3138
    1962
     336
    4149
    3330
    4134
    2804
      92
     280
    1744
    5488
    2527
    2026
    1987
    4735
    1647
    2535
    2076
    4132
    3611
    5359
    3918
    3455
    2262
    1971
    3221
    4310
     838
    5190
    4930
    3112
    2799
    1363
    3447
    2043
    4692
    2677
    5471
    5408
    3580
    1686
    5367
     578
    4335
    1826
     408
    1077
    4984
    2483
    5208
    3691
    2937
    3598
    1617
    5199
     664
    5461
    3980
    1501
    5122
    3382
    5236
    3016
    4744
    3779
    5059
    3908
     927
    5001
    3787
    4506
    1782
    4249
     179
    1212
    1170
     586
    2288
     626
    3693
    1967
    4316
    1101
     660
    1028
    1395
    1323
     960
    5375
    2824
    1177
    3852
    2531
    4192
    3067
     781
    4346
    2070
    2331
    4442
     952
    1308
     695
    5201
    1486
    1906
     842
    2696
    4817
    2091
     860
    1256
     878
    2584
    2539
    2529
    3979
    3862
    3488
    4449
    1781
    5288
    2772
    4935
    3952
     934
     188
    2769
    3004
    3142
    2307
    3955
    4450
    3001
    4251
    1031
       3
     189
    3726
    4819
    2279
    5209
    1170
    3781
    2265
    3709
    1405
    1339
    2666
    5517
     259
    4446
    5276
    3030
    3852
    3699
    3963
    4663
    1564
    2062
    2277
    3870
    1113
    1822
    1966
     459
    2852
    2592
     647
    1674
    2507
    3550
    1354
    3676
    2426
    4242
    2480
    3830
      52
    5145
    3818
     310
    4062
    3566
    3963
    3010
    2360
    3022
    2144
    4547
    5083
    5044
    2888
     667
    1337
    5478
    1126
    4189
    2541
    2396
     334
    5047
     417
    2311
    3819
    3466
    1025
     770
    1768
    1700
    1011
     681
    2634
     168
    4246
    1068
    3177
    1702
    4089
    5321
     720
    4268
    5460
    3608
      30
    1269
    4181
    1779
    5457
    1193
    4175
     886
    1336
    5215
    3196
    5154
    3153
    4844
    1019
      16
    1016
    2029
     696
    3649
    2197
      38
    4716
     469
    1739
    3901
     885
    2458
    2640
     817
    1161
    2669
    2085
    5341
    4448
    2637
    1630
    3718
    3522
    3589
    3404
    1189
    3838
    1652
    1129
    4856
    1667
    2144
    1981
    2987
     264
    4801
    3648
      75
    5269
    5386
    3975
    1250
    2939
    1710
    2066
    4724
    5003
    4150
    4536
    4546
    1258
    1261
    3359
    5403
    4849
    1858
    1687
    3158
    3510
    2815
    3110
     272
    4958
     186
    3882
     317
    4986
    2001
     392
    5350
    1858
    4990
    1071
    5421
    1796
    3760
    4616
    1894
    2381
    3623
     911
    4262
    5508
    4893
    4760
    5452
    1222
     919
    3706
    4731
    3733
    1287
      99
    3787
    1472
    3980
    4103
    1553
     453
    4494
    1998
    2934
    4580
    3693
    2826
     847
    1924
    1913
    2740
    4929
     632
    4274
    4286
     611
    3638
    3518
     534
    4859
    4436
    4239
    4062
    3264
     621
    4784
    1522
    2716
    3235
      97
    4892
    3687
    5214
    1986
    1093
    4265
     150
    3918
    5111
    2697
     303
    2946
    2097
    1558
    1691
    1479
    2168
    5328
    4996
    3325
    4659
    4527
    2660
    3816
    2262
    3904
    3071
    4408
    1092
    1401
    4504
    1079
    5088
    4813
    3064
    1276
    3550
    3213
     289
    3756
     382
    1215
    1174
    3102
    2772
    3488
    4580
      35
    3288
    4671
    3360
    3042
    3669
    1115
    1329
    1027
    5018
    5023
    5434
     581
     895
    5033
    1660
    1078
    4317
    5347
    2977
    2962
    3032
    3266
    1814
    4037
    4480
    2987
    2234
    2348
    1570
    1286
    2382
    4857
     428
     837
    2994
    4721
    1951
    4946
     219
    1441
    4440
     124
    2021
     431
     252
    4304
    1508
    4568
    4123
    4485
    2626
    2250
    2846
    4439
    1382
    2421
    2521
    3615
    4768
    4090
    5524
    2246
    4043
    1048
    3082
    1508
     240
    5033
     926
     458
     945
    5365
    1205
    3589
     891
    1456
    2365
    3023
    1119
    1583
    2603
    3744
    3832
    5448
    2654
     309
    2340
    5174
    3923
    2204
    3736
    3919
    4449
    2250
      62
    2002
    4381
     301
    1506
    5306
    1382
    2450
     239
    3210
     511
    1129
    4665
    3499
    4151
     879
    5081
    1225
    4623
    4008
    1768
    2372
    4316
    4108
    2018
    3334
    1407
     849
    2348
     327
    3722
    2409
    2952
    2574
    3333
    4458
    2352
    4714
    2003
    3214
    2395
    3137
    4342
    2155
    1731
    3589
    3034
    1283
    5437
    2752
     386
    1677
    5123
    5325
     880
    2236
    3131
    2286
    3084
     574
    3236
    1901
    2983
     659
    4475
     787
     212
    1922
     597
    2839
     231
    3615
    1071
    4572
     866
    2802
    3256
    4523
    4708
    3165
    1746
    5094
    4841
    1964
    5514
     192
    4200
    3740
    3101
    2379
    4314
     808
    4280
    1768
    2090
    3850
    3178
    2926
     867
    4398
     236
    1097
    2485
    1306
     764
    3350
    4731
    4020
    2344
    3911
    2280
    4713
    4100
    1592
    1148
    4085
    2407
     443
    2297
    5507
    2822
    1706
    1410
    2197
    3473
    3499
    1142
    1746
     896
    2008
     616
    1755
    3728
    3724
    3685
    5115
    2169
    2887
    3606
    4512
    1269
     981
    4320
     464
    2572
     563
    5173
    4978
    1006
    2565
      52
    4451
    4270
    1461
    1743
    2838
      56
    2884
    4583
     951
    5515
     294
    3330
    3714
    4017
    1486
    3300
     657
    4372
    2002
     264
     737
    2982
    5207
    1824
     650
     242
    1468
     723
    1871
    4032
     775
    1417
    2773
    2859
    3159
      82
    2914
     514
    5289
    4489
    1124
     678
    2290
    4837
    4695
    3775
    3232
     447
    3242
     329
    1335
    4602
    3935
    1637
     898
    4584
    2502
    2365
     402
    4372
    1493
    1800
     884
    4265
    4659
    4042
    4971
    2668
    5179
    5355
    1628
     774
     504
    4541
     706
     294
    3411
    4562
    1365
    1125
    4890
    2699
     822
    3920
    4959
    1719
    3599
    1933
    4708
    4001
    1400
     672
     272
    2284
      32
      26
    1421
    5002
    2694
    1696
    5452
    4945
    2469
     428
    3958
    3799
     721
    2464
    2832
    2085
    3588
    2817
    5407
    5034
    1209
    4838
    1224
    4807
    1866
     403
    3903
    3265
    1698
    4175
     644
    1730
    4824
    2065
    1827
    2613
    3760
    1751
    2030
    1324
    2802
    1083
     218
    4146
    3546
    3049
     703
    2230
     962
    1205
    1735
    2170
    1138
    3582
    2072
    3003
    3985
     447
    1364
     778
    5245
    2007
    3131
    4540
    4071
    4958
    1625
    2926
    1804
    4278
    4874
    4605
    5360
    5091
    3222
    4001
    3236
    4548
     702
    4197
     849
    3060
     838
    2610
    1114
    3533
     709
     194
    3979
    2072
     971
    3695
    4702
    4102
    3331
    3869
    4155
      51
    1266
     430
    4328
     611
     130
    4159
     798
    3975
    3255
    4033
    3619
    3957
    2701
    5091
    1488
    4162
    2172
    3225
    2790
    2880
    3418
    1241
    4951
    5013
      31
    4749
    3586
    3985
    3089
    2212
    4035
    4354
    3265
    2834
      61
    4018
    2088
    1482
    3088
    5343
    5514
    1178
    4395
    3310
     740
     978
    2567
    2912
    4203
    5356
     887
    2092
    1068
     934
    1576
    1723
     154
     257
     179
    3242
    3092
    4838
    2691
    1452
    2143
    3375
    5469
    4855
    4856
    3653
    4669
    4841
    4830
    3535
    3246
     666
    4512
     284
    4201
    3186
     112
    5087
     374
    1179
     492
    2573
    3525
    1269
    2830
    4328
    4510
     393
    3637
    1673
    1845
     875
    5047
    2409
     201
    4999
     533
    5493
    4311
     459
    3499
    2029
    1124
    2483
    2312
     420
     764
    2423
    5506
    1137
    4226
    1094
    3710
    2846
    2362
    1635
    2269
    1968
    2651
     377
    4264
    5119
    1876
    4406
    2000
    2700
    3876
    3156
    2665
    3283
    4238
     635
     407
     457
    3741
    3342
     876
    5129
     861
    1478
     737
     182
    2571
    5070
    3027
      28
    1800
    5296
    1995
    4451
     768
    1354
    4041
    3267
     232
    1136
     439
    4731
    4292
    3727
    2485
    3625
    4361
    3515
    4082
    3198
    1329
    4957
    2798
    2189
     906
    4158
    2370
    4100
    4324
     492
    4128
     595
     883
    1218
    5045
    1651
    3196
    3558
      13
    4051
    5317
    1075
    3253
    4704
    4801
     834
    2801
    3634
    4348
    1354
    1927
     772
    1406
    4724
    2960
    2936
    3977
     425
    1507
    2772
     917
     730
    3367
    2423
    2572
    3507
    4073
     863
    2160
    4710
    4913
    1949
     256
    2637
    1124
    5057
    4094
    3924
    3786
    2914
     373
     184
    3685
    2403
       3
    1741
    5338
    3979
    2165
    1940
    1223
    3705
    3294
    4589
     600
     337
    3191
    5296
    1823
    5351
    4477
    1207
    1771
    5357
    4467
    2894
    4885
    3033
    1914
    3142
     418
    2910
    3949
    4726
    5312
    3951
    1562
     217
    2401
    3727
    2157
    3623
    2527
    5450
    3307
    3750
     882
     970
    3518
    2704
     792
    3090
    3910
    3186
    2918
    3472
     551
    2898
     976
    3088
     511
    2017
     470
    4459
    1215
     877
    2881
    3400
    1094
     378
    1598
    3250
    4000
    4749
    3795
    2403
    2970
    5300
    3996
    1583
    2475
    4787
    5297
    1480
    3068
    3310
    4951
    4242
     680
    1023
    1802
    1814
    3039
    2895
     745
    4877
    3771
    4249
    2749
    5488
    4626
    4970
    3833
    3722
    4190
    2099
    1220
    2256
    2494
    5215
    4462
      64
    5097
    4230
    1543
    2636
    2636
    1590
    1349
    3315
    3236
    3774
    5128
     746
    1764
     968
      95
     631
    5217
    3467
     590
    4938
    2908
    4423
    3755
    2194
    1617
      70
    5073
    4111
    5284
    4006
    4174
    5476
    3332
     813
    2583
     439
    3026
    4556
    3753
     733
    3425
    3976
    1478
    5189
    4944
    2196
     291
    5256
     134
     880
    5289
    3666
     398
    3516
     331
    2015
    3585
    5403
     597
    3965
    4504
    5394
    3912
    2307
     678
    1591
    3369
    3703
     618
    2217
    5059
    4042
     665
    1633
    4326
      80
    3828
    4616
     431
    4586
     592
     191
    2723
     989
    3706
    3677
    3627
    2387
    3551
    4847
    1447
    3150
    4713
    5358
    5457
    5390
    1420
    3921
    4189
    2661
     610
    3719
    1799
    1274
    5351
     596
    1977
    4275
    5212
    2407
    3956
     899
    2597
    1150
    1887
    1399
    4826
    5514
    4409
    3472
    5456
     327
    1093
    4640
     780
    1645
    5126
    2200
      38
    4410
    4860
    1271
    3224
    1754
    3168
    3671
    2350
     240
    2417
    2033
    2646
     844
    2931
     338
    2617
    5441
    2360
    1914
     522
    1864
     481
     450
    2814
    1573
     185
    3594
    3842
    5310
     265
    3879
    4815
     220
     245
    2511
    1974
    3412
     653
    4947
    3651
    3693
    2075
    1392
    4536
    5005
    2353
    2248
      13
    4713
    4161
    1159
    1672
    5265
    1608
    4486
    1309
    2416
    2551
     246
    2198
    3439
    4748
    2108
    4282
    4992
    4618
    1351
    2875
    5270
     769
    1621
    3434
    2843
    3012
    3065
    2943
     461
    5312
    3580
     269
    4568
    4738
    1940
    4304
    1441
     897
     709
    3856
    4071
     954
    1149
    1981
     174
    3257
    1359
    5165
    2346
    2709
    3136
    2712
    4102
    5380
     617
    1416
    3488
    4306
    4983
    3948
    4089
    3034
    4216
    3129
    2867
    1251
    2528
    4307
    2148
    3236
    3258
    1314
    4814
    4407
    3295
    4987
    2759
    4653
    5247
     200
    2457
    3478
    2911
    1030
    3330
    4152
    3070
    1289
    2929
    2524
     332
    1489
     653
    5171
    5241
    3519
     893
    2241
    2921
    3664
    5476
     650
    4978
    4761
    5056
    3368
    4843
    2910
    2492
    5186
    3110
      44
    3135
     492
    1074
    1560
    4643
    4143
    3472
    2043
    1762
    3803
    4156
    3038
    3445
    3868
    1028
    4962
    1204
    4572
    3097
    1776
    5221
    2546
    1008
    5373
     385
     947
    2754
    3500
     604
     335
    3544
    3738
    1451
    5241
     394
     565
    4479
    3865
    3232
    1336
    2140
    2483
    4373
     680
    1446
     496
     113
    2650
    5067
    3834
    4425
    4759
    1475
     528
    4603
    2484
    1474
    2453
     455
    2701
    2787
    4622
    1535
    4861
    4958
    1928
    5426
    3908
     264
    3753
     339
    3027
    1331
    4711
    3707
    2776
     302
    4443
     521
    5368
    2748
    4945
    5223
    4223
     569
    4921
    1178
    2666
    1845
    2256
    5367
    5256
    1974
    1373
    4588
    1403
    3300
    5109
     407
    4187
    3957
     745
    1686
    5287
     552
    5392
    3159
     853
    4930
    3679
    1317
    2150
    3720
    1011
    1468
    4288
     403
    3269
    2049
    2872
    5524
    1887
    2599
    2593
    3883
    2282
    4620
    2278
    1863
    5026
     937
     291
     866
    2622
     674
    2041
    3109
    3832
    3518
    2510
    1982
    5458
    5283
     797
     940
    1222
     180
    1966
    5114
    2229
    4837
     206
    4115
    2531
    2798
    3094
    4813
    1889
    5371
    1147
    2010
     779
    2061
    3500
    4024
    3358
     636
    2228
    1661
    4153
    5362
    4267
    4082
    5116
    5063
     117
    1434
    5243
    2083
    1643
    2567
    2015
    1848
    1153
    5170
    4646
    4246
    4454
    1630
    4713
     696
    3640
    5491
    3380
    2235
    4611
    1210
    2870
    1934
    2870
    2119
    1767
    2232
     672
    1979
    2391
    1413
    4036
    2729
    4119
     150
    5295
     605
    1998
    1543
     870
    1739
     261
    5323
    3368
    4973
    1114
    2103
      31
    4494
    4337
    5265
     799
    2303
    1671
    4292
    4421
    4061
     996
     188
     511
    4010
    1600
    5170
    1210
     190
    5320
     976
    1419
    2413
    2518
    2288
    4151
    3402
    2707
    2614
    3470
    3820
    4717
    4125
    3409
    4149
    3861
    4207
    1547
     627
    3595
     439
    4688
    4590
     627
     294
    3071
    2850
    5464
    4904
    3040
     351
     975
    5082
    2763
    4116
    2465
    2009
    1990
    5171
    4622
     555
    4087
    4434
    4679
    1967
    3679
    3636
    1270
    5225
    4262
    4864
     760
    4045
    4549
    1386
    4339
    2715
    4859
    4274
    2090
    2994
    4624
    3688
    2547
    2482
    2275
    5012
    4490
    4264
    5278
    4207
    4819
    3836
    3737
    4593
     899
    1887
    2700
    2168
    2207
    2058
    2127
    2966
     574
    1771
    4975
    4912
    4485
    4306
    4281
    1670
    1771
    4000
    5357
    4318
     953
    2103
    4425
     538
    1463
    4174
    4745
    1377
    2482
    2953
     441
    3380
    5463
    3765
     643
    2141
     294
    3393
    5107
     867
    5163
    4553
     875
    4743
    3954
     251
     884
     197
    4251
    1336
    5138
     299
    3438
    4034
     837
    5524
    2679
     677
    1372
     256
    4253
    2437
    4259
    4187
     673
    5525
     799
     966
    3389
    1001
    2456
    3647
      26
    3954
    2861
    3979
    4205
    4368
    4799
    3551
     175
    4408
    3849
    4237
    2913
    5309
    4232
     688
     457
      76
    1567
    4709
    2512
     298
    3367
    3808
     294
    4790
    4773
    4307
     262
    2324
    2425
     911
    1374
    5286
    5514
      50
    4125
    5408
    4224
    4300
    4288
    2544
    3632
    2296
    2325
    2335
    2983
    3405
    3034
    4550
    2586
      17
    5471
    1048
    3824
     236
     933
    3692
    4542
    1195
    1112
    2063
    2729
    2485
    1820
    3338
    3158
    1040
    3218
    1853
     435
    2601
    5020
    4066
    4896
    1816
     873
    2975
     317
    3906
    1996
    2902
    4547
    2562
    4573
    3466
    2797
    5506
    2254
    2435
    1796
    3989
    5121
    5148
    1569
    1412
    3582
    5350
    3075
    1271
    1674
    3510
    3871
    1789
    2671
    3862
    4229
    3543
    1308
    4545
    2545
    3927
    2542
    2187
     960
    1586
     748
    4381
    2187
    3001
    1911
    4606
    2085
    1503
    4226
    3653
    3538
    2279
    3474
