The Revoked Drivers are:

UID		License No.	Vehicle No.
6146555,	8179472,	3084
4085943,	1103450,	6326
3346961,	6861234,	6131
6305906,	2949002,	2409
3699707,	8011307,	3112
8149223,	5510930,	2875
5849018,	3066746,	8873
4852350,	4590858,	7132
1554449,	7815049,	5024
1597609,	2917843,	6676
8961939,	6991940,	9830
4975017,	3782477,	5706
8525912,	6069978,	3156
6889025,	9699328,	4358
5665696,	4479869,	1929
1599513,	7490419,	1368
2321159,	7022844,	1366
8980306,	3824000,	5605
7096995,	9061734,	7359
5524547,	9067848,	9081
8329068,	8338791,	7419
8404813,	3668094,	2709
1478029,	2624776,	3514
7581475,	8861481,	1473
2680660,	7816172,	5422
8596195,	6190347,	9526
6789614,	2804944,	4175
5944355,	2095174,	5942
8493119,	5883503,	9531
9237755,	3003397,	7971
5756353,	8726922,	7352
1378040,	2748969,	5703
6216726,	9728543,	6990
3424171,	6250089,	6918
9492423,	1398797,	5411
1432287,	6069110,	6431
7966701,	8755584,	4757
5645768,	6969450,	7191
5645768,	6969450,	7191
2248371,	5350957,	1003
5668007,	1821519,	5345
9820255,	8968021,	3803
4700713,	7162533,	5416
9390319,	1959104,	1633
2912506,	9983153,	5790
3864976,	6617667,	7001
2352651,	2338428,	2480
9014747,	6458029,	8065
3513292,	1256841,	4187
3109075,	4201889,	2380
8119167,	3833011,	6638
2262509,	6661716,	7688
2062293,	4473261,	8048
9489525,	5305959,	1731
1833260,	6241531,	2112
4121070,	1784192,	7636
8210686,	2801096,	3917
1933865,	6185737,	3313
1106974,	8149808,	8283
4120091,	9896821,	1948
1329830,	9923305,	4137
4554945,	7335464,	2880
7100959,	6290986,	9671
8551008,	3049591,	9632
5096932,	4482031,	7618
3924234,	4188548,	1174
2093992,	7624719,	9082
6077809,	9712607,	5704
8479756,	4822334,	7704
3582429,	9774592,	1533
4548030,	4011748,	2733
9006649,	2595461,	6146
7964651,	6267693,	8858
6274321,	3611638,	5949
7508725,	3911978,	3317
5798139,	7866852,	7958
1401247,	1153507,	1964
1082807,	2781283,	4854
6491431,	5668229,	2530
2412981,	8302363,	6204
5938789,	4179191,	4565
1176113,	1271000,	7033
4434194,	5063649,	1916
4644166,	7614488,	2856
8522652,	5064562,	1580
8138664,	4471467,	7979
2864543,	1280176,	7272
2941505,	8501353,	1297
8013640,	4136461,	3512
4828994,	6568456,	3401
9163194,	4497871,	9513
5363605,	3677494,	8209
6798918,	5761843,	3882
4647517,	3569899,	5177
2886049,	5579707,	3938
9272455,	5393925,	2763
4080426,	9393124,	2724
8326298,	6924187,	4390
5029994,	4256285,	2024
5688070,	5524881,	9811
3071260,	1448074,	4173
3198445,	2427611,	7903
6389451,	2025392,	3124
4444793,	6915715,	6675
1449122,	6686302,	7392
2080893,	5181053,	3992
7897524,	3572573,	2416
9964061,	4482105,	5849
2258724,	6196251,	3213
8471223,	9281802,	8792
9423089,	8744847,	2002
9012704,	1614074,	8262
7053219,	2179833,	5221
5512778,	2866908,	4311
6376137,	5796124,	1764
6422950,	7130535,	5869
4689343,	4124489,	4651
1746728,	2461280,	4812
4035173,	9993044,	8289
7926836,	1633922,	4717
5805573,	2506272,	7185
5828647,	7760330,	1926
7852468,	7738581,	3458
4300991,	7896067,	3212
1383660,	2133559,	1276
8233012,	5136582,	3805
8121168,	1191844,	5667
1703244,	4177395,	6014
1135841,	9507733,	9244
4386362,	6566916,	5089
8166479,	9932265,	5975
7165741,	2828179,	1937
9786897,	3156819,	4285
6836361,	6230719,	7715
7741972,	7873199,	3562
1973459,	2806278,	5538
5175041,	4687406,	6735
8431448,	7372082,	9252
5069129,	4906377,	6851
7575818,	4220466,	3896
6224497,	5055982,	8131
5932947,	5866111,	7157
3074584,	8264938,	7136
9892498,	7433285,	1819
8893249,	7540647,	9709
7376054,	4679359,	4041
9796478,	5891140,	9628
3144482,	4029752,	7542
4509975,	9824507,	4419
5063630,	1668681,	5865
5704260,	3855422,	1358
9337301,	2801784,	8077
1067510,	8864920,	6756
7458717,	1717576,	1914
2927530,	6183324,	2174
8432414,	4182771,	3584
9199716,	9795031,	9818
2896283,	6466889,	5603
5786644,	3723376,	6102
2139677,	8615563,	1907
4010069,	1332121,	5566
8332731,	6632856,	5388
6119241,	4834669,	4477
6986915,	5202326,	7508
8396783,	7719426,	5712
5123797,	7476475,	7181
8252211,	5907903,	4309
9269098,	4680738,	5460
1170355,	1183216,	8663
1170355,	1183216,	8663
1825567,	2879176,	9395
8271442,	7691917,	3514
7168873,	7372409,	5987
4691120,	1031457,	1238
3162848,	6933823,	7339
4782578,	2339589,	2801
9277871,	9637685,	6556
2007827,	2450749,	3446
4372720,	2759201,	3612
4432169,	7576274,	8135
2405481,	8607862,	9778
9582648,	1434700,	4374
1798546,	3374911,	8555
5533980,	5917427,	6830
1598050,	5709927,	4166
3189213,	4764703,	8359
7633963,	3052550,	4192
7077213,	2321828,	1706
5242874,	7142744,	8422
2050524,	1931081,	5101
9931305,	8482552,	1384
3533913,	4790236,	8627
2821305,	2484615,	3193
5959691,	3204186,	3132
9311750,	4982294,	8174
3470875,	9507461,	2878
5394523,	3366381,	7959
6860606,	9302297,	3770
2128943,	6213362,	1104
4094969,	9663172,	7394
3138862,	1554514,	7566
7933787,	1996436,	8693
8456961,	2750629,	5320
2884970,	9914594,	1203
5427528,	7679178,	3796
8601588,	7021890,	4660
9247626,	9718085,	6721
5976785,	5239806,	1478
2722719,	1755820,	7844
8782745,	4616346,	5536
3494373,	7210035,	2842
6103415,	8233725,	2572
4503916,	1005093,	1709
6561418,	8950418,	1450
2236291,	7070962,	7630
4434440,	8791904,	6117
8874816,	4448919,	5345
1731032,	2346325,	5450
7587923,	1373928,	2043
6823426,	3078472,	5129
6501844,	8031084,	1347
7774989,	9351232,	2331
1425885,	4381321,	8392
3580820,	4905327,	7976
1331417,	5767528,	4124
3884877,	5196249,	1450
5142330,	4240623,	7765
2779803,	5222388,	9022
1651844,	1166508,	3370
4926094,	1462682,	7560
3317351,	3808166,	2179
8628688,	9385445,	9923
9603989,	1389142,	2157
5749730,	3763419,	7525
4023676,	7674599,	1010
1864539,	1220495,	4103
3285345,	8046949,	5436
9499069,	9090180,	6013
9570629,	7301933,	3963
2210240,	2404763,	2305
5930555,	3928943,	8324
4154370,	6711252,	1872
1815477,	3140177,	8035
5668375,	2501026,	9658
7960382,	8887353,	1102
4626578,	9284437,	8240
3923815,	5771545,	2613
2885157,	8526413,	4296
5019024,	3482860,	4859
6018240,	7931279,	7716
2382704,	8793644,	4900
3223030,	8904720,	8453
6803030,	9452736,	4747
7642552,	7624562,	2652
5520383,	9215010,	1361
5358560,	1231216,	4394
7876874,	9462997,	2118
7636560,	3102478,	7250
8083033,	8328728,	1792
7665446,	8264680,	9922
6871080,	2357963,	9807
9878653,	2816481,	6187
1603120,	8116301,	5669
8898381,	9760964,	8083
7217890,	6810502,	6883
6652478,	3567388,	2169
4842743,	7064692,	5301
3454859,	2972647,	4006
3726479,	9382141,	3251
3172816,	2322908,	5103
9224396,	7365558,	9227
2599703,	4008234,	9380
5794574,	4956571,	1401
7198871,	8520623,	5438
5366480,	9711173,	3048
5553065,	4364187,	3005
6611734,	1375585,	2206
3270566,	1520377,	7719
2833130,	8946875,	4479
4330992,	6016435,	6920
8437605,	1588643,	5010
3973743,	4318199,	4480
8416210,	6213093,	7474
2977818,	3063917,	8742
4662696,	9637478,	1404
7532354,	2811376,	4924
8637023,	5353120,	4423
3208579,	7690835,	5673
2620928,	8047982,	6797
3138539,	9279245,	9909
1010691,	3371507,	7148
5130897,	4624037,	3508
7409958,	5951730,	8678
7898505,	8914528,	9589
4007255,	2565263,	4134
5394180,	8535667,	6714
7369845,	9763699,	6757
5459117,	1660064,	5876
3028365,	1190280,	1106
4518799,	8106965,	3296
9437262,	8476953,	1487
3910143,	5783098,	9941
8372592,	9256244,	2448
1444349,	4051967,	1106
1542188,	8140901,	8945
2025985,	4779925,	4427
8712896,	9811435,	4623
7236448,	2094987,	1320
9800503,	8394522,	8417
2896232,	9205842,	2023
9073358,	1392358,	8435
3320130,	7939269,	1348
3499063,	3400527,	6690
1089812,	9398630,	5623
2527229,	5937642,	3113
1960388,	8632023,	4252
3572876,	9094148,	9702
1281931,	8544132,	8403
9275081,	6962972,	9421
4649520,	5794625,	8629
5259842,	6727076,	6684
8464362,	5445082,	4171
9172746,	9227264,	5364
4425061,	1908033,	5969
4939252,	8641849,	7792
6975047,	1057860,	8547
3694759,	8140241,	2778
9677288,	8774885,	2882
9551433,	9196942,	5454
4382521,	4627557,	3181
8773612,	4019421,	4926
2879387,	5540124,	9065
8662153,	9241546,	1493
8371387,	4886045,	2899
1201845,	7412372,	5460
1578365,	1637122,	4084
4692875,	2495789,	9252
9715683,	3380123,	4040
8626597,	9689669,	3433
9645996,	2164616,	7309
1253254,	1486415,	5742
1238795,	6068843,	7568
6061463,	9798990,	8727
5699617,	2562653,	3878
5511551,	2415504,	0
7635337,	1407473,	8968
3742930,	6724694,	3746
4377268,	3151619,	1703
2474924,	1246154,	6740
7508446,	9536771,	3642
9355654,	9779588,	3185
4092721,	6013701,	5466
5715327,	7947820,	5069
6872157,	7154172,	4214
5989062,	2744535,	4971
9858711,	5443684,	2028
1932707,	9895037,	9171
6912263,	8830790,	3099
1731741,	6515454,	5097
9777825,	4069134,	6008
1947057,	5908661,	6311
4558320,	9213568,	1617
8951465,	2135203,	8043
6804591,	3128368,	2817
9909725,	2155280,	7480
2756353,	6205440,	8709
4355138,	4955526,	9889
1863067,	1910383,	7560
2553125,	1676146,	1670
8249698,	8092792,	3004
7377547,	7973573,	8420
4611852,	6551424,	8763
3621171,	4310729,	9322
6405797,	9658803,	4283
3254236,	1792600,	6687
2062693,	9442051,	9830
4115455,	4481643,	6859
3721666,	4167193,	6279
8267296,	6186822,	1194
5081047,	9865994,	8788
5464094,	9919862,	9021
9848123,	7954578,	8125
5226721,	9643330,	1725
3589129,	9526105,	5673
7622353,	5546623,	9513
1349923,	6214693,	5624
6118797,	4723946,	8277
7296147,	2189435,	2124
9940056,	2510580,	2069
2941451,	8441296,	8879
2841129,	8311149,	8619
6305623,	2241961,	8194
3357220,	8086428,	5140
9527760,	5448484,	4564
1981329,	1404776,	6800
3608655,	8809921,	8661
8090617,	3893039,	2705
9208900,	2340262,	8629
4623746,	5717972,	3235
6375037,	2498715,	4768
7354610,	1726827,	5888
4003100,	2014500,	6675
2554473,	6287043,	5370
3286186,	3190308,	6067
7148049,	2717665,	3974
3313035,	6711304,	2283
6342291,	6188339,	3904
4794919,	5900914,	7951
1755505,	5811106,	1861
4170127,	4616935,	9758
4911377,	4883354,	1728
8113586,	7894097,	3092
7579798,	2823482,	7634
1924833,	8888488,	3962
1089194,	8936214,	8381
6689116,	7048307,	4175
6596917,	8400308,	9148
9292080,	2847662,	6127
7671328,	3255908,	2818
4601872,	2478954,	6988
2633046,	5629459,	4408
9972089,	4536319,	9183
2127102,	6436181,	5357
6321909,	3883952,	7622
5353464,	1262655,	4908
1912159,	4696041,	6724
7021032,	9892613,	5249
2170486,	5658105,	9934
9335156,	6386630,	6439
4489638,	5835487,	8537
7227582,	3769441,	7768
5701682,	4864871,	2157
8942252,	5846515,	7427
4443936,	6490657,	9545
2251984,	5356633,	1292
5318866,	8415037,	5800
8076816,	5599440,	6846
6494551,	3783087,	9971
3160630,	1653126,	2627
1270772,	9798910,	6333
1237781,	2273195,	3018
4352839,	2369505,	7096
5356475,	9204612,	7058
6530559,	1852684,	6306
9194321,	1792268,	3378
6680124,	2602431,	1198
4043197,	8035660,	1567
1582903,	6136373,	4771
9434322,	6423817,	6506
5108196,	1166201,	3475
1642081,	4336490,	3913
6331868,	7919498,	7613
3953314,	5135228,	6690
5502269,	2632102,	4582
4576574,	2804356,	8094
1091086,	9178419,	2751
6272388,	1473379,	6306
6050936,	3981681,	1080
8259616,	1770740,	7982
9017091,	5459480,	3738
1695819,	3939689,	5550
9177683,	2445436,	7734
6311986,	3558000,	5597
4386796,	7745113,	4427
4569891,	9388576,	8170
6098380,	7071067,	8791
7497828,	1687054,	1497
3326168,	3398848,	4329
2940603,	3360761,	6452
4719470,	5333367,	7913
2838745,	5569922,	7307
2489936,	6624240,	3519
9047136,	2461736,	3653
7460200,	8137682,	3809
1710257,	5563896,	3219
3305711,	5075165,	8839
9097248,	4530416,	6831
9974031,	5335031,	6836
6954147,	4174608,	9116
8974139,	7125834,	2901
4283011,	8869486,	6141
5231316,	5531532,	6164
3999495,	6506894,	3805
4378746,	4765990,	3697
4715190,	6825658,	3370
2842578,	4587155,	8815
2167371,	5234681,	5997
3532708,	5607078,	3237
5600814,	5618676,	4594
5020048,	4419230,	8421
2065999,	5411170,	6455
7302944,	1121092,	2702
2539445,	3914037,	1997
3368738,	9688114,	5809
2123704,	8264145,	4839
7229991,	2633608,	8872
2605965,	4576145,	5317
2897209,	3786697,	2721
7595137,	3613255,	5408
2225353,	6387423,	8705
5647203,	5843987,	5713
7361913,	6974057,	6603
4895308,	2282322,	2156
8202983,	5919666,	4117
7833386,	5944290,	4042
4539524,	4950268,	1871
6431156,	1398783,	8524
8322450,	5884541,	8685
3906509,	2707017,	4212
1703057,	6486424,	7491
6344084,	9464025,	9193
5824629,	7181281,	8696
8091459,	3683298,	2276
1692439,	1212232,	9567
8368886,	4133940,	8931
7603731,	5966476,	2648
9189415,	8637898,	8642
6766396,	9410478,	1218
9065985,	8813512,	6435
2995169,	7826146,	2246
3451377,	4558213,	3401
7522484,	4009346,	2256
4616751,	7052728,	5448
7508199,	8320911,	8925
6715225,	1346024,	7064
9720680,	5262318,	3472
3588390,	1108445,	8862
2190323,	3780190,	7309
2644456,	3283334,	1843
4200608,	9178020,	4546
3171141,	9462912,	9232
7700410,	7250351,	6472
6963469,	8327640,	6247
6789999,	2063718,	4484
4096183,	6380520,	1922
6695535,	8322861,	2352
3410623,	6235946,	8967
4060676,	4311195,	2847
5652179,	7285068,	4806
5531554,	3962143,	9084
6317444,	1626480,	5958
2672337,	3845999,	9203
6817604,	7827423,	8045
4241531,	2818718,	6246
6802397,	7693828,	6631
2370748,	2291691,	8160
9277764,	4826473,	8618
9655824,	6810699,	3497
6582510,	2581725,	1993
8046479,	7345486,	2517
2808995,	6400485,	4223
8396050,	6886979,	1090
9709402,	6675766,	9505
9439711,	4749063,	2088
9737333,	2954111,	7082
9002907,	9876050,	4149
9716335,	5413244,	9242
8343905,	9863107,	6476
2986174,	2304112,	9376
3183925,	4257495,	5678
9900163,	9659244,	1380
6576020,	3702840,	2448
2283971,	1631257,	2883
4732183,	8694817,	8790
8129057,	9913709,	2654
3231059,	7063052,	2489
7798962,	1984418,	4541
6294664,	5919695,	3973
5407536,	8138848,	5871
7377325,	8137423,	3172
4564883,	1553616,	5343
4180979,	2599614,	7912
3470612,	9144251,	6051
5810278,	2014039,	2211
5240164,	3332936,	5495
6612138,	5694976,	1815
4370514,	4389047,	9600
4569594,	1897685,	5436
2022179,	1372079,	9840
8401657,	6153904,	7499
5741670,	7309990,	9429
1942441,	7557988,	9035
8949881,	9730278,	6361
7973566,	1118423,	2461
1280596,	6706058,	1898
8096805,	1234529,	4983
4106338,	9172364,	1942
7195270,	8285543,	1315
3767532,	9726872,	2759
3386829,	1505648,	1205
5004530,	8821425,	1955
3157980,	1827163,	8996
9071241,	3127265,	8291
7811460,	2321869,	9107
3467179,	8272106,	5462
2205942,	7086153,	8821
4426799,	2964332,	2985
6313363,	2476647,	3791
2730826,	2717596,	2508
3961424,	8447327,	6151
4115311,	7854841,	7479
3507135,	4154799,	7103
7190689,	3121512,	2101
2684952,	2218971,	4594
2648906,	4523048,	3686
9668869,	9870004,	6897
5283122,	8040952,	3845
2231927,	4566606,	2910
6631504,	9859425,	6326
7005648,	4145643,	4671
7808618,	7040836,	3345
9042582,	2969947,	3823
7300517,	6040828,	4635
8374207,	6256475,	7213
3168837,	9473999,	4012
2334442,	8737880,	9132
9351837,	7559830,	5943
9435883,	4308512,	3738
1503331,	7080154,	9990
2728282,	4249642,	5635
6362441,	5557030,	7716
4563275,	2854366,	7358
7080628,	4987341,	9686
6369443,	4312820,	6778
2034503,	5587445,	5335
7240170,	9249918,	1811
2957640,	6621412,	8413
8994210,	7353451,	2171
8943646,	2990424,	7952
9182266,	2880824,	3162
4360662,	8539952,	3511
7909731,	1484989,	7390
7567066,	6349740,	6425
1733306,	3116622,	3045
3827629,	9011209,	8263
5543884,	2422556,	9298
9018289,	7829317,	2604
6191741,	6134048,	8891
1862895,	9403603,	9266
3351921,	8588153,	1284
7314111,	8684865,	7709
8294822,	9393988,	8440
4481850,	3598874,	7328
1331519,	3053849,	2584
9715711,	9754776,	6979
8706444,	6020898,	4667
4599431,	8344134,	5547
7321088,	3051550,	1195
9467240,	5918064,	9162
3755123,	2304533,	3477
4680539,	4214046,	2403
7961140,	7119664,	8210
5545604,	1184196,	8830
9576438,	2715990,	8996
5143759,	5498838,	5142
3264071,	8411732,	3689
9933335,	4938164,	9001
1327494,	4143217,	2675
7878569,	9625712,	9080
4898779,	2272271,	4021
1214171,	6289303,	6849
7128141,	3534485,	3098
6140729,	8141397,	3028
1596874,	4731112,	7053
5047409,	9910619,	9874
4616059,	4073934,	4798
8574382,	5335188,	2135
3706532,	2508924,	3654
2762289,	5880806,	7358
7352665,	5645318,	3118
7868082,	3342604,	1747
1091724,	8957452,	8096
4554627,	8705020,	6441
1752082,	7273477,	6998
2170706,	6535745,	7858
8117562,	6430237,	1720
5296114,	6775272,	4469
9448477,	2967752,	4137
1357667,	5540774,	2713
6388005,	7480192,	2441
1454978,	1825094,	4765
8199148,	9773574,	8499
1017723,	6911645,	1073
7064637,	9144940,	5913
7645516,	6967605,	1509
4148679,	5467914,	5974
1999755,	9691276,	9110
9513546,	9877227,	1920
8967043,	1840885,	7751
8584690,	2834501,	4496
3641815,	6614585,	6547
5982258,	6622776,	9841
9185415,	2682638,	3079
2993664,	1182107,	7790
8404999,	7076134,	4394
3173510,	1327878,	4173
8713498,	7937256,	5716
3493337,	3264755,	8193
6514849,	7401785,	4345
9424990,	9272862,	7568
5521474,	4389915,	4399
1885691,	6324847,	9898
2817926,	2676282,	1419
1145058,	4933316,	4151
7087720,	8787378,	7414
8506683,	7468119,	1005
8481812,	1405636,	4593
9863525,	6673694,	1538
4438692,	8068272,	7670
4768457,	3253719,	2833
8436029,	9057220,	1672
6890141,	7889517,	3475
8069889,	6666222,	6319
1932673,	9340567,	2420
5120051,	4378763,	8141
3799899,	6528411,	2435
4066494,	1295310,	1105
2701583,	2477545,	8098
4673636,	4142550,	9988
6120058,	2111294,	8328
8941751,	3218379,	4680
8220947,	2028690,	2626
6124909,	8928743,	6189
6626065,	1655086,	4819
1690513,	3814058,	4525
7888725,	6662973,	3423
3336172,	9604144,	1830
6895358,	3700656,	9943
3878274,	8514683,	6131
6239878,	7817370,	5123
7518363,	4194828,	9354
7448563,	5620008,	1084
5825901,	4377271,	5789
3596844,	5270906,	8145
4635848,	8432620,	3993
5620012,	7201018,	2172
8498570,	1914866,	3086
3179478,	5342113,	4017
3544469,	7880056,	3295
1038632,	1171330,	1562
8763282,	2883359,	8111
5000432,	8447833,	5917
8212218,	9373574,	4781
6310086,	5359185,	5709
5193925,	7802579,	7273
7922599,	3126815,	1126
3064220,	9491573,	9651
5664947,	8844725,	4119
8911344,	2067635,	5687
1592962,	6738294,	2939
7039402,	7407682,	1564
7281383,	8310051,	9784
8556960,	5284215,	9294
4667194,	7858970,	5817
9629403,	2238884,	6177
3819775,	5900007,	2343
9117304,	7007188,	9107
3839653,	7566945,	6950
2805325,	2202377,	5183
5762266,	4419671,	7315
6901392,	5200023,	8687
9634841,	1626410,	7095
9590161,	2814567,	9690
2449433,	6749792,	8768
7970652,	2776240,	5737
7425724,	8085636,	3364
4582940,	4452171,	3888
1623380,	2996906,	8127
7033072,	8023246,	3822
5945445,	9205434,	3156
9311053,	5610162,	9861
5515678,	5083969,	4463
6355482,	3668132,	4327
1393323,	8382269,	7691
4835896,	9744127,	5914
8063343,	6727090,	1985
9734057,	5827435,	1189
7278615,	3712679,	7607
4678212,	8849123,	5352
2611347,	3311196,	1387
7805369,	9392036,	9660
1070501,	2211404,	2094
6210183,	9720077,	5296
7554360,	8570318,	6120
3924644,	5036671,	3899
5581700,	8334911,	9504
3561969,	5658216,	3258
7052607,	7091369,	5023
6922969,	2592245,	4459
8183558,	1780004,	8695
3473627,	7191754,	9034
4292929,	8534511,	2016
1356106,	8239880,	3436
2737422,	4888589,	4808
1367939,	9101590,	7793
3036266,	7642492,	7018
1306582,	4389745,	9540
1815961,	3802165,	6541
4008402,	2402051,	3997
5869973,	4350273,	3118
2525678,	6501334,	3819
3278157,	3565816,	5418
8868714,	1703389,	8213
7941878,	4770541,	7002
4427456,	9010473,	3682
8387577,	9666929,	2089
8587549,	8429281,	8309
3741998,	4202572,	1668
3711082,	3000538,	9314
8973726,	3425594,	6890
6222179,	4392121,	6188
6222179,	4392121,	6188
4857031,	3473389,	3864
1328678,	8880116,	8730
7755215,	9713635,	1889
5654154,	6770512,	9700
4366606,	6952145,	9043
1579597,	1332159,	5528
1321860,	6202934,	3186
1744548,	6982038,	6546
1097199,	5692495,	6385
7047858,	1297275,	1726
2203350,	5327055,	3079
5387971,	6623290,	6851
6576435,	6645002,	8377
1115690,	1575732,	6700
8589528,	8155227,	4219
7091492,	6064517,	8488
6085337,	3042342,	9911
9189929,	9892466,	7962
6541848,	5266923,	1444
3048782,	3055805,	3504
4137685,	2002838,	5789
8268536,	2618098,	6179
5629074,	5890694,	3510
9148582,	4946740,	5941
4013533,	2279898,	3770
6280364,	6031867,	5470
4671894,	6095697,	8379
5232472,	7670010,	4230
6620112,	7943841,	7349
4798654,	2380424,	8870
7973026,	7309597,	7838
6408003,	2509276,	5985
1495940,	8664006,	8408
6091981,	6699341,	8710
7042991,	4033045,	7745
8779383,	7719725,	2686
8558986,	9779170,	7047
6322712,	3502614,	3533
9864197,	8747843,	9715
9397117,	2337134,	9508
3761918,	2378872,	5208
7890434,	9876319,	3039
3768463,	8198040,	2001
8238445,	6541749,	9179
2489001,	8171580,	4617
6929625,	4019491,	4118
2271943,	5258811,	2337
7445398,	4651106,	9120
4775608,	7715404,	2681
6886122,	5840388,	5625
9083045,	4301448,	8427
5262332,	5291929,	4523
9278126,	9470609,	4578
9231651,	1359847,	5754
2083867,	2745779,	6445
6939032,	3011221,	9154
5027473,	5540775,	8195
9856730,	2091370,	4540
7219791,	5659410,	0
9146433,	9941795,	7103
6376058,	5019982,	7568
2093627,	1827305,	4549
9988178,	5955201,	8290
7095875,	3752637,	4945
4783471,	5843092,	9865
6410169,	9647809,	3767
3966787,	5360097,	8572
2103488,	1715594,	1715
4964377,	6383590,	7351
5105091,	1809703,	9937
6614215,	7218741,	9210
5256872,	6727201,	7376
1139886,	5673079,	5760
3098755,	8786352,	1182
9554638,	6137408,	1169
8573981,	9166051,	3124
4215862,	1552254,	7522
3513504,	6849102,	9061
6879540,	4765456,	3436
4963379,	9960040,	6437
5174622,	3325745,	7249
3417895,	4766712,	9649
2857708,	4201095,	8521
5865349,	4399173,	5071
4727542,	9153250,	9050
2008504,	2835391,	2515
2596373,	6385964,	2871
1126282,	6785023,	7743
1251529,	2026698,	1941
4065845,	9283320,	9647
9083385,	7211072,	4517
2933746,	1303711,	2627
6640505,	8454387,	7050
2826092,	9009742,	6174
7934068,	2475410,	1268
9172464,	4332418,	2369
1655972,	3376705,	8978
9812835,	2264030,	6051
4222526,	9077975,	4112
5501073,	2642618,	3890
8857144,	4081603,	3238
3804693,	3210671,	3610
9631881,	3813086,	8400
9946031,	5432969,	9777
1765352,	2920869,	7632
5491048,	1830952,	7294
6790519,	6312560,	1873
6458214,	3972639,	3004
6369025,	8342644,	2960
5812354,	5022582,	3461
3352693,	6678463,	8097
7821360,	9045572,	8331
8564731,	6196822,	9564
2654846,	8458804,	6061
7156891,	7284083,	8161
5591318,	9939785,	1327
2395960,	6659353,	4265
8588128,	7066526,	7370
2773801,	9991091,	6633
8585696,	9519401,	7805
9165300,	6103022,	7207
7811220,	4001504,	7452
5477062,	7942903,	3335
3193228,	4468201,	4530
9925738,	5065245,	8101
8743466,	1590839,	6754
3702741,	1525558,	2885
1374007,	9163091,	2701
4409730,	9299773,	7758
4315814,	2636017,	6334
5756710,	6174487,	7278
2612139,	6176502,	1171
6984797,	5137985,	9502
9484335,	6837347,	8429
9055084,	4554010,	3505
1364091,	3910904,	8778
9099808,	6786773,	9340
5749123,	5674845,	2082
1845119,	3026739,	8687
2146368,	2957941,	2358
3914211,	6021676,	4033
2235489,	1945405,	4228
2990050,	2335485,	5277
6951149,	8202664,	1668
4331989,	7948252,	8588
5661429,	9385078,	6279
8555556,	8040372,	8231
5087241,	9950906,	3119
6890297,	7658664,	9627
1307879,	1306239,	2155
7659646,	6763137,	4110
1042398,	7418135,	5774
3716032,	2102361,	5230
5341184,	1244674,	7668
8617815,	2143514,	1550
7442726,	5100312,	2131
1766787,	4772818,	3609
8026076,	4998128,	6043
6138523,	4624819,	5283
5264810,	3102118,	7042
9406894,	3123438,	6527
5382498,	7155487,	4337
7545556,	5998675,	2816
1849802,	9211941,	4805
6858679,	3091463,	7079
4046927,	4356281,	3079
1174003,	9527295,	9642
3937633,	3993049,	2349
7585884,	8374622,	3313
6754170,	8523709,	3262
8582554,	7119324,	5147
2076675,	2161002,	9448
8653642,	8891885,	2063
9206990,	1533361,	1113
7969680,	8654800,	8069
6652647,	7971217,	4055
3520555,	3271515,	6547
3166427,	8269293,	2252
4408541,	5668713,	4610
4513963,	2878812,	7622
5851649,	4448278,	3800
9642022,	9378726,	1245
2701200,	5475017,	7604
4536364,	4722520,	1129
7618319,	9550630,	4875
8935206,	1363617,	9079
7123173,	2290033,	2180
9318473,	1944010,	1470
3110401,	7053363,	9063
1508227,	8228361,	9048
3316119,	8500750,	6353
9778652,	2680259,	5762
6358405,	2859100,	2836
9175387,	8641797,	6168
1122940,	9661545,	3721
1637967,	3545528,	1837
3772163,	4117914,	8514
8854289,	5792193,	6218
7302268,	6277300,	6485
3210809,	5544185,	1606
6115905,	3591598,	6035
9934865,	6257834,	2654
2417827,	2258382,	4788
3622531,	1710660,	3521
2462048,	9342016,	9019
8090021,	9874216,	8296
2145719,	2207426,	1441
9048402,	8047870,	3587
4314032,	9655470,	6396
9394694,	8990089,	5758
5988792,	4942353,	2581
1398445,	2741085,	2410
5675712,	1567970,	9074
6204338,	8394828,	9938
7619439,	4100439,	7142
4000538,	4612763,	1923
1770922,	4711993,	1283
9969052,	8161165,	8083
4299730,	1833022,	1148
2735582,	8966500,	3087
7878203,	7847225,	5866
9215900,	2650806,	4254
3466842,	2580715,	2201
1031429,	5309964,	2980
2907156,	1029154,	1283
3148734,	7200013,	6440
5357444,	3409016,	6542
7489674,	7058580,	1761
7622751,	4135789,	8068
8123295,	4434089,	1144
3915120,	9541427,	7233
6644387,	2416501,	1092
6975375,	5509916,	2164
4796285,	2851435,	7768
7904842,	5916734,	6926
3616413,	5271391,	9691
5518262,	8740235,	7322
6331990,	4646127,	9261
7244099,	8508331,	7848
6502630,	2080371,	9185
3783169,	4036795,	2959
9379295,	1634402,	7002
9050533,	1881460,	4296
4561905,	9760777,	5817
6540473,	4223054,	4374
6619613,	7219025,	6307
6896120,	5280961,	5396
7126289,	4890034,	4200
7247339,	1447435,	3073
1868978,	2465787,	7042
9993734,	5092249,	3032
8563990,	6826741,	3761
5178698,	8264154,	6493
6443478,	6261613,	5003
6493132,	9323401,	5226
3727825,	4026110,	2963
4701899,	9500730,	1163
7385456,	9823415,	7887
1227960,	6135762,	1101
3774569,	6723748,	9441
6055248,	1320376,	9565
1240549,	7390092,	2119
4886674,	8666955,	1137
8347801,	2414176,	2157
6768262,	2237566,	3895
5265962,	1011807,	6486
9767971,	5934126,	1365
1067372,	1191176,	3298
4166250,	4893890,	7375
7317116,	4251025,	3554
4588203,	6521894,	8830
7456736,	5214848,	9105
9233304,	6268104,	4344
5821679,	4034716,	9966
6376416,	5034895,	9916
4337895,	9513942,	4117
3216914,	6761136,	9041
3391788,	6093809,	2757
2592323,	7042852,	7978
2992187,	9770506,	6062
2448355,	3735516,	999
4683544,	5141107,	5659
9537362,	1321965,	8884
4732168,	1558390,	8942
6560268,	2303682,	9361
1433586,	2388468,	5670
4648657,	8607602,	4709
1433354,	7913655,	8740
4338570,	3867865,	8343
4505959,	3941387,	6876
4154425,	2193001,	6272
4638846,	4441411,	7598
8350560,	4899933,	6402
1790808,	8466934,	6449
6164925,	4147769,	5467
1942641,	6574145,	3000
5803923,	1140287,	8764
8509376,	3116999,	3967
1219645,	5181196,	5562
9158361,	2550450,	7092
1749026,	4737966,	5218
6518504,	2447331,	6728
7021025,	5950844,	3813
4425167,	8879749,	5821
8410904,	2888394,	8516
6310371,	5117600,	9758
5057272,	4979660,	6546
5115036,	6570778,	5659
2655371,	9573411,	1829
3820526,	4977891,	8180
8284536,	7906396,	1761
4393516,	3956638,	6326
7833230,	5045238,	8101
6944748,	8081084,	7978
9267264,	1672107,	4780
6149242,	2107224,	5812
8955703,	6602663,	8891
9778022,	5217730,	1091
1528150,	6096449,	1589
9670364,	9046542,	6293
8652405,	2326649,	1920
1868920,	2452193,	8336
9368347,	4549988,	4895
4316930,	1632002,	7924
8001868,	4710155,	2901
8798797,	1392347,	6826
8445268,	3149161,	6563
8743907,	5564453,	1955
6703418,	2589591,	1452
4927748,	6013592,	8200
2714756,	8022421,	2662
4416945,	7211918,	8454
6086617,	8121417,	5948
9009751,	3932188,	2777
5813921,	9774520,	9213
2218709,	1542090,	9192
4261055,	8986440,	7240
9619312,	7702704,	6776
3648443,	3786853,	7058
9119400,	7818656,	6550
4741496,	8582681,	3057
5831470,	6858256,	9974
2405318,	9861767,	3738
7550624,	6168339,	9281
4742003,	6656500,	3312
1013792,	1143351,	2352
3027355,	9320176,	9550
8625579,	6600234,	2594
9660153,	2611966,	2738
4579571,	8807945,	4446
5749952,	1625264,	9024
7291586,	7850390,	6241
4455285,	3839406,	8646
5299927,	5182017,	8970
2619553,	1529642,	4136
5184141,	4019501,	8861
4371224,	4662758,	2360
1224018,	7347570,	4588
7876591,	3144265,	6577
7199799,	5113873,	5388
6259676,	5022284,	3596
3331065,	3366658,	5604
4852886,	9116709,	6294
9927293,	8901949,	2682
9466604,	7643879,	4941
7723676,	1860833,	6076
5071181,	6190544,	9377
8177604,	2321681,	8613
7052467,	8022622,	6208
6412048,	7008782,	3436
9379895,	6037177,	7119
2569741,	1012272,	5281
7727291,	1482753,	3309
8964576,	7753289,	8843
7558323,	4421042,	4483
7326378,	8172510,	1424
8144932,	8238106,	4834
9646038,	5860163,	5847
5362993,	9093205,	1912
7617674,	6810342,	1923
2996454,	9691830,	1428
2050808,	7861101,	2636
9337940,	5367480,	6928
9419388,	1004086,	5647
9088463,	4267432,	3198
7683885,	9304160,	3720
7126156,	8015504,	2803
9893241,	2048396,	9968
8313696,	1791034,	9771
1490197,	1179507,	8247
1888444,	3004218,	7771
8905641,	2654420,	3330
1850975,	8925205,	1254
9538445,	5761233,	9092
4261379,	9188172,	9778
6317135,	5744027,	1535
2060362,	2007327,	6075
9852363,	2732717,	6506
6305113,	3395821,	6365
3112840,	9495536,	5183
3023098,	8682787,	5578
5898654,	7095338,	3719
9218960,	5217181,	1807
7899375,	2952876,	1607
7175527,	7977156,	6503
9470282,	4253207,	2591
3660991,	1198769,	9982
3802552,	2273513,	9574
3536294,	2289021,	6189
9862962,	8745864,	8279
1924678,	5566095,	1443
7389901,	3131490,	8022
4361077,	2066379,	1660
8896236,	4763959,	6570
4395191,	5628839,	3425
1187806,	7037015,	5873
5804448,	1204122,	5322
4212943,	8005117,	1157
8550544,	2986981,	7910
9341927,	6621686,	6896
2071640,	1360902,	6513
8933160,	6527471,	7155
8526882,	2349040,	3781
3521156,	3187036,	6066
7413898,	6105279,	8198
2801440,	6952475,	8766
2952495,	8057809,	6703
8390689,	5148063,	8033
7814644,	7425441,	6683
9816464,	2575580,	9626
2910749,	1985827,	1176
6120014,	3044232,	2212
6209188,	4051618,	9340
2691184,	2955891,	5494
9849357,	9440013,	2352
3050239,	2148032,	5644
3750462,	8571928,	7643
1041238,	7886154,	3381
7660201,	9211866,	4875
8848484,	3307273,	8002
1551995,	7455737,	8409
1906156,	8596813,	1573
1283287,	8821713,	5789
4349153,	7154135,	2059
9567653,	3013085,	1082
6251316,	1506634,	8377
9904443,	8899953,	9178
7951911,	6682890,	7932
3160417,	4616428,	5459
5598484,	2276734,	4560
8876473,	9126841,	5491
9996469,	4290500,	3420
2183421,	9879688,	1144
8651966,	4369436,	9878
2572457,	5252156,	5495
5155463,	5509564,	5095
5828137,	9847407,	8535
7941504,	5196338,	7989
2979052,	8544556,	8098
6602227,	8242518,	1579
8442366,	5071644,	5127
8466842,	4916000,	1138
8239925,	6006117,	3971
4138756,	6073952,	6158
9196395,	2023824,	7792
8761339,	2718594,	1222
6180156,	6387429,	1635
9910901,	9010121,	5995
8731466,	4614800,	8598
1072850,	5866534,	6764
1745165,	1283473,	7336
9120431,	1086607,	3459
7287662,	6289616,	9181
3490356,	3119220,	9046
4747147,	2931645,	4280
2064422,	8189881,	7161
3840332,	3730797,	4924
5090365,	1576719,	9469
8157312,	2331107,	8229
3108098,	3624331,	9159
7626981,	3683761,	9304
3324277,	4425091,	7278
9832552,	5820969,	1517
6129541,	2587833,	4296
6787426,	2072063,	7287
5233676,	1032552,	5915
7244908,	4598790,	2172
3287109,	3267883,	1506
6582261,	2724949,	1326
7611061,	9286843,	6927
1759448,	8787070,	1247
7223188,	3528527,	8534
5806112,	1602832,	2510
8991582,	9533275,	6490
1224945,	3948041,	1567
4704970,	2841972,	7809
7253986,	7591742,	3676
2107612,	2811501,	3491
9694800,	3605661,	5869
3173005,	9345883,	6008
1621575,	3418101,	3209
9082241,	6282123,	8164
1577866,	4861666,	8939
6845090,	5583087,	2327
6979698,	2479439,	4414
9603998,	9524583,	8556
8848781,	7483904,	3174
2651999,	2732349,	1052
7895984,	8557090,	8774
1968898,	9647910,	5543
9608153,	9913562,	6927
5469207,	2708759,	7273
7755897,	5770134,	7358
4108137,	7250581,	9955
8337253,	7880540,	3780
8696237,	5439189,	2278
7822332,	2803666,	8784
3437561,	8468403,	5790
2909814,	8681469,	1776
2891808,	3580202,	4123
7707864,	2710965,	8051
1576242,	7113902,	5107
2237002,	8744909,	1513
5640247,	4915552,	3716
1623064,	6610791,	3518
6222179,	4392121,	6188
5892120,	4696834,	3977
2803266,	5218938,	3283
7960684,	1520940,	5821
8138458,	7032762,	8980
1769024,	2626408,	3281
4823052,	9956766,	4062
6138162,	6384476,	3375
6608274,	2531685,	6964
7500731,	8038561,	7073
1917424,	5237398,	5146
9497785,	3112528,	3502
4103272,	3661042,	2652
1363582,	3059345,	1748
6944925,	2469829,	7810
4616374,	5409806,	3235
7306467,	9918709,	2815
2625672,	9847755,	7679
8378122,	9482315,	9207
4837332,	5701918,	1054
5716957,	9202712,	6892
3064203,	2938824,	7432
5819335,	6284472,	8981
6038997,	6145591,	6478
8660338,	5120397,	8769
9954853,	5493308,	3717
5500539,	3135356,	3932
3257404,	9934012,	5904
3050458,	5377269,	4164
4125248,	1560675,	7159
8949643,	8700112,	8602
2927408,	6393422,	3743
5607651,	3943257,	5793
2215996,	1108288,	7442
6887155,	7231359,	2577
3787794,	6369768,	4100
2250814,	1359748,	8547
2547914,	4479364,	9940
1568342,	3498109,	5749
5235666,	7613938,	9177
5002906,	7326865,	5489
7590602,	6371935,	7202
6418742,	9935967,	4860
8974598,	9508966,	9457
1622144,	4895526,	8649
8857901,	3432270,	9589
2185423,	2932547,	2028
3719614,	5117471,	3777
1254654,	6693634,	4738
4204348,	6059678,	3756
4228382,	4428993,	3468
9379759,	3749842,	3067
6830383,	2168881,	1483
1692656,	4577419,	6734
1324834,	1692673,	5779
9399803,	2375358,	2710
6971554,	6330731,	2009
5781095,	3829686,	3012
4118829,	7486968,	4678
5414933,	5092377,	2501
2728290,	4754580,	6865
1672984,	4331355,	8372
5547402,	8944964,	4662
8055720,	8201527,	1709
5551091,	8993568,	3456
3273608,	7500121,	6082
1456746,	6981299,	2524
3263718,	7451157,	6278
9407467,	6803025,	7930
4079595,	1287714,	4154
3722775,	5870144,	7438
8692086,	6081240,	8725
9339829,	4513884,	7785
1204322,	2483262,	7649
6867519,	8454541,	7408
1141785,	1881783,	7094
5561222,	9340726,	4519
6995207,	7814016,	6913
6919476,	4389880,	7292
9622961,	1573043,	8816
2786620,	2956832,	7683
5782174,	8653082,	6605
8010980,	6686395,	3708
5778953,	8791869,	4177
3674383,	2552716,	4469
9828232,	7975767,	1147
1409029,	2372450,	1360
6080053,	9091887,	6796
5644404,	3321161,	2460
8799424,	1888607,	8107
3480126,	2767277,	6490
2127322,	1617841,	8976
2507500,	7484823,	7861
3658460,	2019240,	5093
2101021,	7980261,	4725
5272826,	1273483,	4253
8922917,	6775802,	6814
1664454,	2880290,	9420
4682070,	2006736,	1536
9331310,	6000751,	5304
3507127,	1472965,	3609
7302388,	9733655,	5436
4506399,	2869775,	1998
2078161,	3621535,	4538
3835727,	6208829,	6077
7308075,	3335709,	4293
2928465,	4274398,	4752
6828267,	2581750,	4157
4479048,	1282796,	9419
8505078,	5885020,	9761
1323191,	2269301,	1798
5559442,	6420091,	3081
7214391,	3098202,	6771
3616997,	8881050,	5812
9578167,	7550599,	4284
5280795,	3983581,	2835
5767984,	4330213,	3505
8502876,	1925460,	2515
9435109,	6039186,	3320
5838716,	4376714,	9196
3880898,	7349724,	9436
9055827,	4784817,	5289
5609621,	6313375,	3222
6970203,	8253482,	9145
9272703,	3025616,	6965
2182759,	5452224,	7186
1031733,	5113828,	7006
7725565,	2160998,	2498
2638265,	2973576,	4784
1934635,	1134417,	8000
8467016,	8943994,	5518
8353173,	9777574,	7540
7324330,	2857758,	5904
5157390,	8305501,	5996
4657024,	1801268,	6455
8068453,	6350760,	6518
9105018,	2157405,	7362
9548149,	4279739,	2165
6859459,	8642067,	3811
1951241,	3665837,	3544
9528785,	7650841,	9359
4579086,	8132162,	4732
6010334,	3988782,	3625
1503463,	9268907,	4039
5608255,	1975484,	7765
1284106,	8989793,	7230
3917518,	9216453,	6525
8313659,	6328680,	3014
7137903,	8906964,	4645
8964199,	9007745,	7401
3179303,	2230176,	8393
4496849,	8288211,	9610
6784669,	8182542,	6667
8490735,	5176830,	1913
5660192,	3495540,	1282
1272215,	2233401,	9491
6333834,	9778509,	8728
7289669,	9961866,	9353
5816552,	5603253,	3047
5822155,	2044995,	4763
1250259,	2993392,	2634
4641524,	4286370,	6803
7612474,	9169975,	3008
6333060,	1898854,	6963
6064864,	2825807,	4847
6542035,	5218490,	2914
2073691,	1822215,	2487
9202057,	4178241,	7442
8466244,	1200108,	9023
3313849,	1921531,	0
5284959,	7057385,	3487
2718729,	7751739,	9129
7758762,	9796704,	3325
8218509,	9576848,	2640
9432600,	2531397,	6685
8751155,	1771731,	7758
9355374,	7134733,	2419
1272756,	8764039,	9624
8235974,	8202457,	7229
1950375,	3686287,	4770
1170355,	1183216,	8663
5783217,	3367368,	1618
6426882,	8349998,	4150
1013115,	4963703,	6334
9986798,	3682026,	1596
2030102,	3887217,	9224
9937064,	9801841,	8190
6307428,	8330391,	7423
9504775,	2384956,	8367
2589829,	9838094,	4230
6559419,	7603525,	8433
4700047,	1717557,	4214
2162174,	6161328,	5653
4677499,	2200808,	4678
2657896,	1028288,	6579
6574799,	7200259,	8688
6077263,	5239885,	9410
2451835,	2608905,	5154
1782966,	7412037,	1872
7590722,	8032570,	6966
5217896,	6463342,	6979
3388171,	4351896,	4949
2059079,	5754115,	2467
3660136,	7671049,	4794
7848048,	2591791,	9397
1283256,	3325562,	4363
9646188,	4039121,	4377
3607034,	3095231,	8609
9983466,	2953004,	2595
4413413,	7809155,	2559
1096681,	8932588,	5973
4925605,	4607930,	6781
7203794,	8023179,	8932
4861242,	9808120,	1121
3492024,	9527224,	9969
5975962,	1302073,	9976
6221935,	5854592,	3882
4733147,	4121461,	6137
9353604,	8117836,	2558
6089812,	7182144,	3239
3031644,	5931698,	1795
8806470,	1598455,	4094
7537894,	3059674,	4358
7905697,	1455311,	2612
8412160,	2351454,	2444
3818373,	4053803,	6385
1658432,	6429095,	4006
3462152,	7632784,	2535
5886665,	4328490,	3051
7089963,	6048838,	3805
9527150,	2570901,	1322
1530191,	4813759,	9268
6938584,	6936850,	9759
4904601,	8629817,	8254
8967010,	3202100,	4247
6802252,	9461953,	7104
2108772,	6320589,	4813
8892431,	1537872,	4684
2875044,	9490451,	6784
9041709,	2500771,	8482
8370100,	6177682,	1673
9663517,	7966475,	7258
2234061,	8414339,	1306
3186551,	1148978,	8132
5006649,	4057155,	9542
7911082,	1253782,	1832
8794482,	3349630,	9774
8581522,	6488102,	1484
5081405,	9973784,	5136
4516598,	6980907,	6390
9873518,	5613475,	1359
7744438,	2297558,	3624
6666133,	8085044,	8147
6804366,	8537556,	1397
2913747,	2786403,	5207
2823436,	2437159,	6912
2589745,	8425150,	7674
2279937,	1391019,	8230
8214650,	9298996,	4099
7289560,	6489392,	5143
6781689,	1946948,	8877
2845301,	7872413,	6471
6223915,	2527638,	1854
2282280,	1089016,	6741
9595142,	1525701,	3741
9236944,	9984215,	5018
5826324,	3597186,	5469
5750144,	3864981,	6578
5979171,	4111042,	1816
5273339,	8105762,	7978
3238253,	2462749,	1624
6795887,	9342393,	5235
3600816,	8762219,	3528
8741707,	4037580,	1123
3248869,	6939122,	7198
9178622,	9551155,	3535
3648346,	6927081,	6902
3748349,	7561212,	6349
5303689,	2631654,	5073
8567311,	9124380,	7407
8870841,	9917046,	5481
2140196,	8817976,	4527
1073084,	4972200,	7489
4202958,	7998456,	6432
5815868,	2357122,	3804
6707303,	6790343,	7767
6333438,	7163547,	8018
3705400,	7313186,	3845
3321483,	6986379,	2818
9786553,	2681873,	7846
1547320,	8101961,	1519
3711679,	1896687,	4454
6603068,	4358312,	7792
1340471,	4684543,	5582
4971817,	7345721,	4863
9508253,	4283934,	3117
1033856,	1922775,	2597
1381881,	7625910,	5124
3904636,	6323380,	9229
5519655,	4144569,	8530
7266592,	5783135,	4799
7598051,	2506424,	8435
9821523,	8462165,	1873
3569875,	7597747,	4831
9205124,	1483618,	1583
9127513,	2651188,	9499
6184558,	8499454,	4182
9575981,	7004817,	1103
6527192,	1398657,	4214
5280486,	3425358,	3113
1592314,	6719137,	7257
9507655,	7742922,	3701
1889820,	4807495,	3225
6844961,	6023497,	8206
9267073,	2148361,	6447
3982781,	7208375,	4642
5138843,	6251750,	2966
4069489,	7394432,	6344
9847453,	4722054,	4553
9995389,	2896002,	3842
9617617,	8897435,	9956
6992281,	4485473,	2585
7724275,	3990331,	4945
9823067,	6915605,	9586
7506353,	6790598,	6819
4606435,	5228761,	8651
7937596,	1132885,	7823
4871152,	7040287,	9868
9330026,	1885811,	8657
2404012,	7369930,	6706
9890838,	1649099,	1558
9947185,	3048273,	2752
3026804,	5987323,	9661
8660007,	4189409,	2537
8877326,	1533421,	6630
4339072,	6318563,	2454
7873069,	8404279,	8438
6915230,	8645825,	5663
4512639,	2665023,	4010
2584271,	7995923,	2362
8782958,	7883976,	7464
4896138,	1460831,	6496
4732058,	3889607,	7738
8282806,	4715350,	2023
7261915,	6743913,	5950
6853958,	5331712,	5145
3958623,	5140049,	8689
7550549,	8929883,	2172
1738811,	2160230,	3220
9443751,	3332306,	4561
9787819,	1064175,	7653
1011573,	3200264,	7775
3092981,	7688628,	5052
7460449,	8081661,	7788
2988288,	7270175,	7397
9577147,	5009497,	6135
5131198,	6915774,	7732
4694685,	7621606,	6673
7479096,	3132489,	7833
3884967,	9770911,	3112
8791352,	6253436,	3415
2529327,	2935779,	4663
2620347,	7670759,	8900
5632930,	7653964,	2740
2355147,	2120172,	4218
9728546,	2199822,	9209
1172213,	7918901,	7057
4368801,	3155500,	2825
6265911,	1776951,	3696
9567613,	8299536,	6240
6123015,	8704833,	3635
9504168,	7468661,	5694
4433540,	2914874,	5494
3916772,	4285274,	7414
4563312,	8096446,	5994
6255638,	5116883,	6472
1978670,	3138057,	6347
1686324,	8559494,	6769
5729305,	6272129,	7592
7367943,	9140702,	5678
8951359,	5996532,	4764
4890142,	2554405,	7502
3731693,	4553505,	7805
1582890,	9283747,	2593
4426252,	6044038,	7002
5606589,	7280736,	4592
1851973,	9743385,	4219
9228916,	6065179,	9694
7698757,	2211545,	8521
7972029,	6142603,	5462
9728599,	8432255,	7855
9049394,	6480939,	6507
3216618,	8363301,	3940
9638401,	9269325,	2482
2930967,	7158814,	7362
3373568,	6987617,	2478
9894329,	9199005,	1439
8732550,	6461482,	2115
4054814,	9812761,	9404
2151936,	7720972,	2820
8932007,	9857191,	9427
8258898,	5032233,	9592
2483611,	7235315,	9805
7057999,	7541588,	8399
3625335,	8855185,	6251
7850525,	6744517,	3983
5165902,	3741516,	2484
7916037,	7511689,	8543
5584682,	4035933,	9590
3431394,	1673615,	2788
7168679,	7771950,	1092
7789379,	4354773,	3619
2067464,	7927702,	5216
2144848,	5815208,	7352
4769252,	6079763,	2574
1955637,	7118135,	1679
1382379,	3348456,	8504
7849670,	9383164,	3976
9350547,	3494405,	3723
5079586,	6328762,	9214
5987859,	9279826,	7428
5885292,	1948669,	9148
6969627,	5729709,	5790
9088750,	2689795,	8140
3239618,	3903045,	2619
7423440,	6084334,	8542
1535447,	3354101,	9642
5157696,	4354482,	5354
8037769,	1362089,	6836
2762917,	5301786,	5003
8122943,	5739765,	8855
1274425,	7390158,	9880
1876480,	2939404,	1261
6932142,	2254460,	2536
1600080,	5069792,	1365
7650006,	9246647,	4816
2552983,	4567913,	4716
2828874,	1373888,	4252
8971217,	4450630,	2290
1837266,	9961103,	2856
7282353,	7885002,	8610
7204025,	5017712,	5679
7787923,	5963264,	8412
9987759,	5621056,	9872
4916988,	2642367,	1740
6698687,	4251419,	2515
4067375,	2272766,	9787
6281359,	6986662,	8375
9308482,	4374178,	9251
6252317,	6502540,	9339
6130446,	3032778,	7953
5797009,	5714267,	3010
3917540,	8506030,	2562
8884399,	8896800,	4455
3349422,	9374041,	5155
7062340,	9918946,	4263
4526556,	7672938,	5980
6716261,	8804300,	2128
9136035,	1404872,	1471
9894117,	5997807,	6347
3396906,	9775777,	8000
3797749,	5006840,	9854
8880106,	2104605,	7517
9518076,	1889999,	8493
2116139,	3085691,	9019
8581011,	6629735,	5103
7121463,	1693251,	3601
9943140,	3325688,	7369
5016480,	6328187,	3805
6862469,	1158389,	5369
2519043,	9639437,	3086
7329129,	1859220,	5188
8161045,	9419046,	5659
8442406,	7720208,	5780
7734105,	3041824,	4880
5586243,	6117496,	1918
1274267,	2016683,	2199
4093040,	1323356,	7470
8899060,	3626280,	2782
3083555,	4114242,	9797
7546150,	4532673,	1695
2155234,	2750905,	2376
7322838,	2092802,	9872
9598381,	5138798,	3306
1752409,	7677087,	5231
1844153,	4312720,	8474
8752508,	2337292,	8012
4635361,	1395964,	7662
9538088,	7326648,	5009
6726764,	7289416,	9815
8370489,	2936735,	1860
2728971,	2712563,	3163
7577865,	6150029,	3948
1373695,	4901311,	6815
6187101,	7189432,	5791
7187883,	1451063,	4213
3876390,	3313822,	2365
8460674,	7019979,	8068
1427423,	2700907,	6182
4959751,	1768373,	7719
7365113,	6619650,	7627
3413994,	3928184,	5240
6201616,	7499016,	6323
9769869,	6761142,	2289
7798240,	8503027,	1003
7582022,	8774140,	4745
1080794,	2258630,	6331
5725546,	8568784,	9941
9552205,	1239004,	3530
8130467,	9197794,	7309
5251237,	7591892,	9328
7651992,	5614450,	7679
9037868,	4741662,	5000
2406503,	8225688,	1560
6307290,	5166497,	8901
1403817,	8737654,	6098
7613052,	1929235,	8195
1435321,	5175806,	2062
4690319,	7220589,	5750
3664918,	4568307,	3673
8491818,	5766419,	9555
1146172,	5391533,	6313
9374826,	8555541,	1823
9194487,	8029587,	2100
3291138,	2160178,	3679
7790928,	6017237,	2679
3862438,	6196459,	2014
3254920,	9877902,	9338
9061387,	2110967,	3575
6798917,	4096931,	7981
7938096,	9591925,	7978
9270920,	8225748,	3477
1446513,	1820842,	5414
5195182,	7778243,	6611
9759459,	5875445,	5510
9026541,	4868939,	7636
3167230,	2960071,	1708
1199307,	7984374,	8962
4613837,	4356283,	9323
4700371,	9170584,	6438
1345484,	2573162,	6524
8508754,	8162502,	6531
8571932,	4608065,	9612
2772362,	8989442,	5532
9778757,	9447635,	3006
9404713,	7738123,	5295
5923340,	6109314,	9309
4844465,	4231838,	1975
4341669,	5445543,	3069
5467155,	7433252,	6149
6975503,	7938582,	7516
2396779,	1291485,	4348
9328388,	5265732,	5108
4603184,	3243841,	2821
2933978,	3978850,	9462
4887596,	2494318,	1023
9353641,	8392071,	2001
3237701,	9883730,	1705
4849759,	6560009,	4262
5994489,	3018643,	8873
7130181,	7439839,	5031
4051365,	1425428,	6209
8462492,	7127245,	3226
7752625,	5930399,	9280
6105150,	5843131,	4100
5812633,	6923540,	10000
6695637,	6392394,	3360
4108774,	3661158,	9271
7974211,	3148727,	3622
8696198,	1608597,	9901
4491369,	3766647,	1071
3697525,	1690855,	5191
4093479,	6431210,	7323
3139569,	3456666,	2579
5263390,	4301273,	2235
6405511,	8879809,	1995
7866542,	5999988,	9114
4002877,	2072646,	7350
6252222,	5454047,	9291
1202037,	3431444,	3646
1202037,	3431444,	3646
5831966,	6128632,	7690
6428338,	6453970,	8791
9133756,	4145186,	6949
1229108,	6519198,	2007
8476284,	4471153,	1184
2181533,	6501791,	4945
8610014,	5095636,	2060
8356014,	9433127,	6507
5107552,	3125131,	8379
5897430,	6525036,	5028
3037188,	3877525,	9515
2726830,	7424092,	5937
4422471,	9513921,	4109
8350656,	4149684,	5786
7658953,	5269585,	5689
8216702,	3171350,	4429
9860187,	1490794,	7318
1937797,	6190367,	7432
9729583,	3009437,	5353
9864150,	3225525,	3501
1214269,	5997513,	6109
1638110,	9371159,	3274
5563717,	5947865,	8666
5979264,	3311634,	9833
6068127,	7787893,	1678
4437542,	3637325,	7190
3434866,	1710575,	5736
8961943,	8855663,	2842
5408934,	7078606,	3953
7685111,	7446789,	9273
1146019,	7910510,	4885
8224344,	8522513,	6515
2194399,	1776874,	8946
8544230,	8824168,	3044
7959711,	2507115,	7148
7139874,	7505475,	2250
3796094,	8829767,	6696
2461941,	7926435,	8485
2767963,	8687212,	9368
3159535,	6723112,	9388
1678370,	5825692,	7673
9869911,	5626709,	8249
7388197,	3109626,	2205
3943229,	6643867,	1720
9724289,	5055588,	5691
6565174,	5832159,	3717
5975151,	7393978,	5190
9372413,	8237258,	6209
4088364,	1975277,	8143
2412656,	3239314,	4534
3910601,	5708629,	9332
2602198,	9116551,	2561
5475840,	6701927,	5594
8220753,	4088869,	5003
3719635,	2175278,	8608
9422184,	3615599,	7413
5781927,	9181414,	9442
3854570,	4546360,	7815
5574067,	8017065,	1808
6716035,	5971208,	7150
3369274,	1181396,	7732
2475945,	6395057,	8569
8378785,	3559725,	8302
4378781,	7503704,	4570
4224590,	8138021,	2336
2002154,	7333642,	3879
4139943,	8103324,	4917
1895778,	3232580,	3655
1304323,	4929494,	9239
4462700,	9931726,	8993
3839142,	3022219,	6706
7019327,	3288570,	6441
2091309,	3256233,	9906
5007851,	2945480,	1202
6991291,	5372409,	1665
9709433,	6874256,	5994
3278451,	7846339,	5603
3356550,	7181106,	6389
2538258,	4236618,	8461
4788295,	4475265,	8861
7506536,	8559137,	7328
7103153,	3444787,	4809
2716284,	6757659,	7421
7993427,	3094713,	6605
9477204,	2601292,	3396
5708511,	4335102,	8830
1299772,	3901754,	4314
9405374,	2837788,	1221
9280863,	4077263,	7172
7879378,	9496777,	4121
3606281,	7250061,	2314
9966443,	7738541,	5908
9430263,	8999029,	7291
8884805,	4342465,	4595
6586202,	9440458,	6599
7718315,	6875752,	1201
5633535,	3338810,	2117
6893932,	6203860,	9915
5168994,	1823379,	7027
4859319,	3677147,	1031
7746087,	6600540,	1631
9317798,	2008582,	5126
8445625,	1021186,	1899
9633053,	6912229,	4243
9259095,	4559804,	5573
1999564,	5039486,	4553
3277150,	9836867,	3104
6598825,	9730474,	2216
4249691,	8954384,	3556
6527641,	2231259,	6938
2107765,	1829620,	5190
4992899,	6185499,	3393
2763649,	3247798,	7388
7665295,	7802326,	1348
4773146,	6270151,	7556
6412254,	7312021,	3011
3382462,	3976842,	2474
2887414,	1661039,	5669
8146045,	1393936,	8988
4705190,	5123533,	5488
4638698,	5546333,	5779
9086958,	6971075,	3437
8012878,	5128804,	8685
3987488,	9660846,	5774
9873976,	6370807,	2893
8826283,	1046469,	9338
8167904,	8646269,	2848
1256088,	9970214,	3403
7222972,	6509532,	1742
6133229,	1080548,	7496
7533033,	9457349,	5450
5090302,	4260090,	2313
7720548,	6292347,	1450
9454330,	6331546,	8658
4146408,	4822875,	4819
9268181,	7327185,	6454
5699925,	3210263,	4285
4627761,	1878621,	7359
3762078,	3469566,	2706
9778016,	6730159,	5402
8609093,	1047965,	7419
9881911,	3558066,	7111
6087361,	7016733,	4844
4805318,	1177258,	7756
8389869,	3710151,	9310
6487261,	9195141,	2113
4059218,	7601514,	2393
5617698,	1971861,	9903
8823829,	2985907,	9793
6673879,	6210346,	9413
2423344,	8098625,	6540
6080056,	7069855,	3350
4265691,	2286907,	1861
4601965,	4242724,	9009
5745667,	2476335,	7377
2595280,	5298782,	6648
1681956,	7835725,	5460
4311818,	9777645,	4535
5083390,	9338845,	3839
2222312,	4405520,	8813
7614245,	1232373,	7879
8192930,	3859577,	5291
4386035,	1406355,	8935
1906362,	7721019,	7148
1525759,	6827019,	7565
3231460,	7238077,	3709
1799879,	9258185,	5835
6697183,	1293725,	3278
7994065,	1549311,	7693
5133085,	8502588,	3731
8594644,	1116606,	8589
5800770,	3658796,	9512
5798258,	3873371,	6123
9356541,	2362551,	9184
4666633,	7316897,	8379
8588927,	9722299,	1567
2996984,	5729830,	3343
3174494,	6447305,	1209
2056755,	8909794,	7698
8145657,	1846349,	8415
9350553,	7385959,	1375
8352078,	5184117,	5694
7770116,	3657005,	8917
8488031,	6467094,	4950
2200277,	1485406,	5925
5414275,	1847734,	8588
7333964,	5296044,	2673
3665715,	9707656,	2049
2095442,	6134336,	1204
5272124,	2783321,	2768
7592506,	1228837,	9771
1536599,	7790474,	3597
5667091,	2857027,	4156
5226021,	9196989,	4741
9899848,	1520775,	1305
5478423,	9628318,	9368
6363744,	4987110,	6834
6326998,	2685811,	4171
9499023,	2470755,	4060
3880817,	5033266,	2255
6975150,	3582040,	1377
9312792,	2153458,	4316
5118344,	8784002,	1959
9111605,	8489149,	5459
2138003,	3872757,	6156
6286402,	1888031,	1853
4063267,	6312375,	9386
1470577,	1747587,	1603
8411215,	3240202,	5337
7712457,	2607382,	4791
7942421,	5097744,	1049
3407014,	1441381,	1888
5154178,	5145064,	8240
1157905,	2512645,	8800
8852836,	9965929,	2278
5527637,	4003968,	1763
6388966,	5884836,	1148
4482069,	4771513,	3358
6292464,	4338376,	999
8266400,	8318227,	9399
6344599,	8000656,	4544
9897587,	9305944,	7446
7567051,	1293561,	5168
1245170,	5125404,	9970
4214248,	6340121,	9237
9268494,	5001969,	3245
5624648,	5717455,	3285
8050236,	7091587,	5270
9961460,	5378818,	7818
5446495,	4143380,	9856
1445019,	5847677,	2100
7614992,	9013497,	9887
5033663,	6698422,	3021
8132972,	3731754,	1353
7086294,	5757966,	5222
5127919,	6290890,	2233
6224632,	2145035,	5287
1719328,	6233938,	8577
3644663,	7399496,	4509
9164595,	3387895,	5702
8354642,	2672009,	4014
3034117,	5044609,	9839
4635281,	3895452,	9415
2041944,	6411982,	7992
5628681,	6475525,	3036
1266120,	7628530,	9429
6340946,	9233794,	2853
6379859,	6881211,	3942
5390246,	9034009,	1778
4876032,	2609531,	1799
7242607,	5382553,	9387
3405164,	5436246,	8843
9054060,	5221810,	9597
7605590,	7174859,	9404
1949666,	2855431,	1016
6134614,	1241885,	4620
9232712,	3844257,	9841
8795197,	2191046,	8367
4659485,	3471519,	8109
6156799,	2754504,	9476
1821755,	5054778,	8244
3402578,	9972239,	4809
5640223,	5630796,	4571
5063080,	4407366,	1698
9148236,	7051405,	6904
7401953,	1102903,	3721
6210718,	3622456,	1631
2334307,	1968063,	7161
2823424,	6856304,	5648
5752555,	3327054,	3685
2060572,	2592920,	9158
4587558,	3674804,	1350
1332393,	5326031,	9964
4061098,	5317772,	9480
6554961,	3096660,	1341
2410584,	6601225,	6294
2476380,	4717829,	8588
1484846,	6813438,	8587
4742895,	5787707,	3170
5941843,	6595757,	6906
5081636,	2517595,	8253
2724283,	3513279,	4371
7350853,	8439687,	1307
9802266,	3151251,	7232
3124536,	8498963,	9770
7824235,	8566327,	4949
8052195,	3460307,	7763
2569684,	7735434,	3064
8944044,	4556574,	4841
6160081,	5518495,	3321
9582040,	3130420,	2644
8546213,	3906132,	8890
3493497,	5129838,	2118
7293496,	6318634,	9060
8753771,	6003431,	8259
7053873,	2464584,	3768
2318924,	9302052,	1389
3681727,	6763765,	6946
8846330,	1107475,	8620
7856016,	1051124,	8321
2834045,	7281697,	1362
8706580,	4693540,	7589
8995197,	6327506,	6454
3956247,	8363288,	2526
1952773,	3723103,	2233
9034816,	6957904,	5417
3451515,	3084063,	6813
3823959,	6736235,	2606
5469819,	8994148,	1079
9734279,	5009224,	8456
2849509,	3008272,	5002
1747452,	8544327,	8149
4555184,	1367270,	1722
2788363,	6086111,	9668
3382363,	8120633,	9436
6401866,	3174978,	6622
7828857,	6812712,	7429
7515485,	6092227,	2961
6611000,	4809867,	7269
1409073,	5431954,	2303
3061867,	8153560,	8717
1255897,	4338662,	4515
3504683,	8106332,	4302
7574715,	3551386,	2244
6546547,	9801534,	3920
6087779,	2043954,	5498
7774338,	9704505,	7879
4807752,	2297032,	6752
1708025,	3085626,	9444
6855457,	6043420,	4623
4592479,	5937578,	4821
3089827,	4688485,	6227
2971320,	4433385,	3088
6303884,	2826398,	4436
6318044,	7235675,	6306
2504378,	3057960,	5559
3133617,	9351260,	9251
8098455,	7675987,	6000
3848924,	5764946,	2042
5129388,	9810476,	2476
9727982,	1994025,	4484
6295147,	2104443,	9000
9347063,	9893313,	6440
2263113,	7753164,	8924
7763120,	2146961,	7424
3649203,	4580241,	1741
1082352,	4556491,	2008
2985146,	1010805,	9387
8712334,	4185781,	3734
8599986,	1240883,	8786
5184796,	1928458,	5003
6590618,	8931681,	1443
2385239,	3336516,	2780
3933321,	7821845,	9893
4369424,	6077976,	2388
1932036,	8272858,	1895
3482912,	1600400,	3068
1265170,	3301799,	4212
2362743,	2455083,	7751
1932052,	4590607,	4181
4033203,	9667556,	5661
9560412,	4683745,	8950
7582127,	6543860,	5836
4548524,	9174242,	1978
9961692,	8869408,	4974
7343173,	7575461,	1948
4165683,	6316984,	4907
7664402,	9922030,	6336
5435044,	1755701,	3867
7498857,	6632289,	2896
3890773,	6824889,	4202
3954797,	6636789,	1745
6294276,	8551456,	9578
2990288,	1398888,	2962
8461206,	5929990,	5683
5982671,	9607120,	7298
5420853,	9035005,	6477
7765137,	4997567,	9498
9338245,	7378630,	8456
8205285,	3409158,	1886
9575806,	5709397,	1582
1514449,	2692702,	7924
4692019,	9152866,	7555
2341406,	3467605,	6417
4344527,	7431208,	5075
5009621,	7902170,	9847
2814934,	2994959,	4837
6710756,	1860308,	3580
2018453,	7101327,	7009
5490976,	9443597,	4456
9771633,	9232188,	6615
4521483,	7350852,	8211
5185226,	9027492,	9478
6457898,	8118773,	2537
6878601,	1674466,	5643
2571585,	9029853,	7943
9971009,	7052982,	6627
8052234,	9731278,	8905
3576915,	6265187,	3253
8100160,	4261985,	6713
1711577,	9105011,	9547
4409998,	5593258,	7263
9005234,	9304643,	6565
3338008,	5172538,	8007
7535038,	7187008,	6367
3368915,	1638824,	5123
4161135,	6485103,	6616
4779931,	1955532,	2757
8996472,	7273990,	8231
1990074,	9212805,	7908
9608697,	2471968,	3865
7948731,	9705002,	9661
1568367,	1936928,	3039
7344653,	8270154,	5339
6135006,	9345481,	8356
6189009,	3880285,	4749
5948726,	4520066,	3264
7562576,	5194209,	5736
9989393,	2030059,	4491
1192535,	9146700,	8391
2062636,	8157085,	7955
8493252,	9556151,	9587
4353037,	8025390,	5021
9981650,	8896845,	5940
7409455,	2571841,	4909
6659427,	3927399,	5215
9264507,	7015022,	6904
7582319,	4839389,	7636
2582760,	8645162,	2591
6367837,	2908146,	6425
8933770,	1885922,	5104
3580519,	9905780,	4302
4124086,	7182953,	5928
2277090,	1340961,	6120
4730171,	4389879,	2603
4833638,	9222826,	7293
2609772,	9071947,	6387
5355619,	8987792,	4461
6844881,	2156088,	6522
9196205,	2911860,	4268
5464150,	8381096,	4768
7278702,	6374466,	7537
7116014,	9628689,	9641
4596977,	2763468,	8516
9385612,	7593215,	8271
7244977,	2860637,	3722
5284696,	3276736,	9577
5810056,	9681982,	2188
3645580,	1972165,	2250
3665148,	9548825,	3699
5061510,	4739728,	2452
6394236,	2104486,	6997
6926888,	1546799,	8608
9254116,	9787587,	1978
8777894,	5339660,	2792
8500755,	9545019,	9331
5577194,	1443051,	7241
8556632,	8723622,	8140
2270269,	1538712,	5801
2045844,	4273674,	1319
8511326,	4317730,	4551
5027627,	4246574,	9077
4979056,	1713653,	9365
9208432,	2834586,	6658
2883640,	1421091,	2134
8099611,	5344430,	3255
2970559,	6534730,	8865
8458539,	5362957,	6839
5928317,	2775105,	1952
6091046,	1697933,	9176
6152821,	1147881,	2046
9829540,	4018802,	4202
5622524,	1735976,	3864
1118161,	9182048,	2552
4625543,	2778314,	2757
6255280,	2042095,	4078
7627635,	8941731,	4461
4226065,	5265006,	7389
5211379,	4266554,	7640
2533730,	7595540,	7138
4924895,	9814139,	6075
1400683,	5096422,	6076
4770390,	8825303,	8024
2459710,	4533100,	6698
5848303,	8445927,	7840
9966151,	5435052,	7185
1322065,	3631049,	4662
6051565,	9359701,	4668
6642606,	5304364,	7110
8626243,	1489964,	7837
3034524,	5749678,	4475
6685943,	2614310,	5592
8885798,	1315347,	9675
7774702,	2230518,	1438
2411157,	2704053,	8859
2190262,	1017187,	6507
5272758,	3091335,	7867
9663868,	9036685,	5857
3458807,	4295365,	9391
6731788,	4752181,	1294
6215810,	7711170,	8186
8063556,	4644774,	1614
5763673,	7567534,	5968
4586359,	7158169,	8010
5586739,	4039186,	3256
6827563,	1289747,	5248
4619229,	3527849,	9926
6925695,	5387166,	6269
5955719,	2953016,	6646
3601976,	9803355,	1963
2758466,	9940731,	5152
2360269,	4366773,	1281
8962006,	1991587,	2753
6128695,	4014520,	9394
3749959,	2458819,	5170
6023675,	9102590,	2243
4449247,	3843492,	7575
8683931,	7873362,	1628
3524580,	6436730,	4134
5847848,	4081500,	1737
7571442,	4496660,	6496
8317907,	3693882,	6618
2253027,	7798757,	9679
2524797,	8715142,	5713
3401581,	4086706,	9693
4465724,	9381570,	4327
7422089,	9251103,	4720
2681113,	8624672,	7274
7194971,	6609808,	7442
6244409,	3492150,	5267
5995189,	9600537,	4623
9120922,	3518540,	9737
6809577,	5244968,	4428
5818519,	3415246,	2267
4213119,	3957168,	1916
2231989,	1272451,	4631
5413305,	1296406,	2877
3260735,	5536471,	5969
4958606,	4324391,	3846
6477571,	2454104,	3850
2026165,	8954605,	9344
7342803,	2224170,	6417
5579612,	1694616,	7540
3334858,	2187705,	3080
5939924,	9305875,	7568
8121341,	8917435,	9197
9747407,	6150020,	2616
9788646,	8184188,	1161
3664285,	4287222,	6660
7182702,	8522226,	1032
8583606,	4850689,	4294
2850643,	4330437,	3517
2476958,	1474367,	5900
6337410,	5531598,	7988
2413489,	4182377,	6573
5357122,	8816416,	4309
7840347,	9702058,	9438
6239157,	2046166,	9320
8002951,	8795525,	1617
8888087,	1172637,	6987
6616247,	8912194,	4643
5356124,	5862603,	5327
5959784,	8468873,	4064
3935639,	9994611,	1265
6676201,	8434647,	6739
5382145,	6891647,	9000
2526583,	7542046,	3328
6613940,	4528600,	1429
4626915,	3852590,	8332
2206997,	3603398,	7147
6016973,	3520332,	3765
9163992,	3196635,	4870
7811149,	9129711,	5527
4233295,	1444855,	2171
3895307,	6094839,	5876
9065807,	2401554,	5938
7003362,	5921222,	2590
4063182,	4588034,	7473
2049972,	2335000,	8651
9473970,	4499664,	4318
9927410,	8550084,	3369
7375398,	5946850,	6288
1395497,	4293303,	5319
5413654,	1840691,	1885
1382886,	6731604,	7083
5778103,	6067984,	9937
1665939,	1687929,	8221
7207153,	8101695,	9560
5662715,	4988758,	3239
6023051,	3935825,	1386
6850601,	1077453,	6534
1211894,	3880159,	7133
8364519,	2201569,	1773
5082607,	3872294,	2589
3573364,	7811566,	8183
9282325,	3844334,	8655
9084823,	7980082,	4048
9103830,	8907515,	9663
4948530,	2059016,	3609
3749070,	7242209,	4640
6839929,	7453220,	2049
8692351,	3110449,	1678
6088118,	9605875,	7317
3356640,	5783068,	3214
1492592,	4646554,	7116
2845872,	8281267,	1021
6272056,	7874616,	5901
1044262,	9444112,	2036
7386595,	7655745,	8367
1058325,	8095332,	2180
3312347,	1803631,	6668
7470725,	6978152,	5344
5741703,	3090725,	8160
8496283,	3683160,	7449
3753450,	8817342,	5017
8820585,	9066544,	2093
7459120,	8546276,	8687
1836497,	1012639,	1666
7902932,	1084790,	3174
7865164,	9185165,	4316
5630468,	2447700,	3058
1048411,	7102171,	3586
5421046,	3043512,	2623
1534240,	6227920,	5501
5422329,	8666892,	3806
6738473,	6818821,	1166
9713007,	4711048,	6827
1646378,	5049027,	4612
2695365,	5601792,	6611
9714819,	7478020,	2172
5753760,	1261159,	3342
3458122,	9181726,	2870
9916660,	4928627,	4458
7669974,	3999384,	9509
2079190,	7031252,	5884
7003537,	8832001,	9354
5888639,	4330713,	5330
3020331,	9717170,	7696
1460738,	3815552,	6797
6897112,	1221046,	1412
4427717,	8833147,	8212
5862739,	9282122,	3605
1911439,	2419913,	7976
8179767,	2635275,	7919
3650669,	7566835,	9134
3238133,	2064075,	6922
8615135,	3665649,	8848
3571550,	9985874,	9021
8960940,	4930745,	4831
9634646,	5590871,	1889
5575566,	5578990,	3140
9176755,	6089634,	7163
2826644,	7948501,	4740
9333580,	7469319,	9849
1984258,	7578414,	5255
8570655,	2685574,	2655
6351212,	5957654,	9577
8886277,	9253349,	1711
7393352,	3204600,	7663
6300218,	7566078,	4670
9999778,	4564119,	7651
9175850,	6265037,	2769
6175827,	5661230,	2237
5336656,	8739714,	1972
4642665,	9005876,	9417
3754709,	5506429,	1728
9177707,	1545363,	7150
2650606,	3739952,	2951
3489552,	6680851,	1629
5526402,	7698246,	7394
3326132,	5646665,	2124
9434303,	3901066,	7723
3405692,	2958097,	7892
2845543,	4149360,	7874
3053081,	3682034,	1918
3886474,	7945729,	6955
2572391,	3977402,	5897
9782649,	5444873,	4607
6264903,	5259319,	4852
4305252,	4490821,	8184
9318635,	1968530,	5502
8759432,	3114237,	6147
1834840,	7956411,	8679
5467006,	9948466,	8040
4982003,	6339934,	1120
4590895,	8978874,	1580
3330177,	6419838,	6571
8700628,	4824013,	8297
7164331,	6778910,	9832
4352600,	5426441,	3153
5390443,	8711102,	2821
9736910,	4869722,	5530
3859145,	2213526,	1657
2138342,	7585678,	5524
5877534,	1058820,	3058
6698160,	6642001,	5378
2894581,	2448741,	8815
9574225,	8841029,	8665
4065381,	9899941,	3087
7316004,	1339575,	6717
5625652,	1943348,	3691
4082384,	3944340,	6719
9213308,	1024183,	1078
8538080,	1620383,	6134
9713711,	1049062,	8997
9346181,	8852041,	4449
6203719,	2052953,	5098
4430217,	8420054,	3752
3445831,	9127661,	8236
6299389,	7964433,	8363
6160981,	8312686,	4686
4088496,	9878222,	1696
5693197,	7938586,	5475
5312671,	8159243,	1488
5017821,	1467137,	7172
3365950,	7914605,	2679
1753422,	9850570,	1408
4289351,	4442353,	3962
7442234,	2823611,	4662
9575183,	1575001,	2565
4536547,	4838145,	7122
5985111,	1148740,	9333
2265865,	2977719,	7309
2017870,	9617473,	8835
2017870,	9617473,	8835
6761564,	1187443,	5409
8738704,	1420438,	2176
8489057,	1972050,	1143
9704966,	1958111,	1666
4270668,	7753388,	5010
4096234,	2897770,	8432
5729081,	5796417,	2327
9258609,	7448353,	2139
8763931,	5674583,	1365
9020042,	1145747,	5595
8519993,	4745666,	2949
1009518,	2563724,	6786
5040684,	9576320,	7859
1840710,	6264994,	7388
5832114,	8374980,	8576
6348169,	8406175,	2612
7850938,	4287253,	9454
7050472,	4656159,	2001
8073211,	6925863,	7283
6006107,	2919146,	2853
4083036,	7657116,	8182
1352469,	2864039,	3727
6082340,	3756828,	5248
9588819,	8237616,	6454
8153228,	6357419,	1240
9869691,	7439350,	8882
4802499,	6077530,	5307
3650882,	1472372,	5258
8519636,	1251807,	5499
3267785,	7426118,	8433
3892691,	8480681,	3836
5223519,	7733034,	6346
8112032,	9907326,	2278
8296752,	2501888,	6405
6389739,	5597123,	2122
5867179,	6245419,	8657
4839730,	7263556,	9746
8019376,	6347100,	6387
3695293,	7883495,	2611
3403596,	9911752,	1256
1933987,	3502916,	8526
2691409,	9917689,	4795
6688426,	9397445,	3588
1476342,	9305448,	7195
7921078,	8248574,	7259
5505358,	6920961,	9812
1270653,	6798079,	9191
4656856,	2205087,	5726
4137303,	7606733,	7809
7214803,	8567944,	7466
5428018,	2189633,	6268
8998687,	8915307,	1113
5641303,	1414966,	2264
1354771,	6381732,	5533
2934333,	3245725,	3349
1792397,	6182050,	7678
4090284,	3156846,	1353
5338668,	3283645,	2314
7323160,	2441978,	5921
2819789,	6727388,	3852
1841036,	9045132,	9832
8431916,	5501772,	5095
1688220,	5062793,	2749
1273815,	3094029,	7310
5547476,	6737141,	8268
7033267,	8936938,	1992
8205468,	3514310,	3041
5213195,	1755467,	4269
2823361,	2225268,	1226
1809945,	9415346,	4190
1896506,	1621249,	8929
1791826,	8149574,	5760
2563027,	8961588,	7162
3194022,	9459858,	8885
1542932,	4664072,	4710
5165973,	6526240,	3834
5301328,	4024553,	3516
7105764,	8826846,	4100
7748914,	6365404,	3800
8132382,	1766676,	6456
7057275,	3201614,	3313
4158576,	7449903,	2415
3627769,	4612072,	1873
3261070,	8435195,	5437
5742888,	8360474,	5313
8711284,	2156647,	8950
6042988,	1940856,	6493
3144941,	2819016,	5615
4453687,	1354406,	5206
6815333,	1361435,	3142
7051298,	7769934,	9971
1399776,	7938598,	8889
7316762,	6873788,	6644
2583474,	5718004,	7730
4450448,	3835981,	9665
7433904,	1156107,	6206
3030870,	2513121,	9681
4039942,	2829533,	4955
1728977,	6586505,	2544
6038015,	2575325,	6029
4690782,	5886920,	2411
4685506,	5726021,	5756
5984038,	5397171,	1264
2283155,	1700492,	2718
9462942,	4073809,	4028
8318314,	3739312,	1322
8017852,	7758125,	5184
3011996,	5469367,	6868
9437408,	5620184,	9475
2043290,	8925641,	3232
8320634,	7524707,	3145
6995775,	3491528,	9228
7704687,	6680559,	6667
6611563,	6365259,	9518
7301803,	2439919,	5209
7663859,	5585679,	3895
7531076,	2624176,	9928
3456212,	8397725,	8788
1370108,	6570696,	8311
6814937,	2125731,	5700
2563821,	2469605,	8563
9371562,	5623715,	7635
2550158,	7015969,	9140
3952570,	4514942,	1840
6729250,	1329320,	7323
6041822,	3480614,	1357
8155266,	7899901,	8470
5296384,	5037095,	1272
6080374,	1190795,	7921
6931251,	6760470,	3193
7244365,	6857118,	6150
7778010,	6158642,	6543
8535428,	5574090,	4353
5993145,	7982783,	5481
9416129,	3760217,	5262
4597631,	1951269,	3754
6494178,	9740577,	9872
9986467,	3371180,	8285
5000017,	6993028,	1722
7032356,	3202141,	5555
2062075,	7998819,	3570
3395800,	3279361,	3586
4593869,	1256342,	3417
8955089,	4481483,	6128
5600131,	2976850,	8444
2666203,	4250774,	4735
3306097,	8714621,	9378
9630234,	4628755,	4776
4818707,	7935995,	2043
2832482,	5930446,	7851
6131299,	7254194,	3265
4480597,	1145813,	5193
1355850,	8131095,	9328
4729085,	8049314,	9789
6087253,	8275289,	4845
3969145,	5072956,	9664
4879879,	5675274,	7798
4655453,	2132471,	1255
3129264,	1346532,	3422
8946005,	3979535,	1215
5952749,	8394168,	4026
4456127,	7016445,	7868
9835767,	3667790,	2695
3120374,	3018817,	7344
4699191,	4289497,	3101
3259892,	5545260,	4265
2658986,	3391719,	9718
5491402,	4166194,	7671
1690634,	7326027,	6887
5203494,	7825333,	2655
2590353,	6775960,	2098
3197344,	9430832,	8672
8989924,	5815351,	7009
4292436,	2330577,	2586
4276830,	6208799,	2510
9673139,	2017845,	7007
9483824,	3920725,	6196
6589219,	6171103,	3645
5424443,	8562080,	3327
4606476,	2469050,	8947
3852697,	2997590,	7349
6739205,	3437907,	3545
7094764,	3316701,	7735
4461692,	3716879,	4079
3388869,	6538384,	4852
4670872,	1034456,	4531
7265064,	5628262,	5665
2639294,	4172941,	5477
7977568,	9901201,	4569
9910866,	7588876,	2056
5597870,	9395979,	2940
1318425,	3871453,	1778
8276114,	6978694,	4839
2621103,	7340374,	3607
8654279,	7876471,	5539
8643786,	6724689,	3338
6030229,	5817601,	5657
3350973,	9551039,	3594
9176828,	5612250,	6517
1415732,	7964936,	4431
6817177,	5753938,	5421
4434557,	8260869,	6685
1134130,	6569745,	8152
1106112,	5753218,	8624
3806068,	2173845,	9851
6229272,	3131540,	7104
9249450,	5530632,	8150
9172422,	4084089,	1094
4541189,	8992115,	4949
7470592,	7850336,	6548
6552540,	8668069,	5111
8142585,	7213463,	4394
8943745,	6977892,	1006
9973193,	6097816,	9907
3591996,	9726673,	3315
6563690,	8429872,	5178
5425898,	6459972,	5882
4024822,	4796995,	7377
8797660,	4657491,	7208
3553029,	1373188,	8260
9897897,	2320397,	6267
2002673,	9576017,	1107
6292192,	3764675,	9315
9652897,	9329220,	3586
6918109,	3737117,	5058
9777120,	1872928,	7014
1751502,	5523688,	8912
5440658,	3164042,	9106
5730522,	5976234,	8477
8654065,	1297277,	7916
4222742,	1245211,	2211
7313835,	5718295,	1046
2685518,	4084959,	5936
1261455,	4610204,	4320
7780460,	4642275,	4941
5144083,	3647010,	9884
5602991,	1208919,	5203
6869634,	8544534,	1499
1079890,	8547024,	7665
7932589,	8713135,	2794
6139802,	2012154,	4912
8045412,	7328707,	9040
9319545,	4613324,	2869
3316711,	6964463,	1735
1549658,	1297349,	9297
3106224,	8515860,	4948
4703111,	6567042,	4678
8586638,	6511566,	1739
9435456,	2795985,	7488
4104798,	1793672,	6913
3246839,	4983249,	8651
7759941,	4204055,	7922
9881135,	9723662,	7867
7290234,	2931127,	7399
2858081,	7203127,	9400
4737603,	1053488,	1631
3746034,	9724792,	1635
6212156,	8350048,	3560
2414710,	1618534,	4488
1080636,	3470606,	6819
5133641,	8540977,	4316
6065867,	8852761,	4712
5943473,	1722095,	2260
5179870,	7996161,	7766
6783446,	3072659,	2606
4091204,	5570948,	7305
9057441,	7249026,	2761
4885273,	4366256,	6717
3734509,	5423562,	4645
2967173,	2786166,	6905
5568272,	2392877,	2498
2464961,	4963465,	1126
4656250,	2456667,	4318
1541031,	1362808,	2074
8265063,	1516968,	9903
7272474,	4726062,	2492
9737807,	4396575,	1997
5187613,	6435839,	2421
4175238,	7942742,	6698
2962563,	1557175,	7889
6852505,	9336972,	5461
6798556,	7919270,	2980
4358071,	6591558,	1349
2342482,	2659008,	3088
6484524,	8680800,	5211
1457137,	5982847,	8395
9178637,	1551384,	6780
3701963,	1388728,	1972
9950029,	8624637,	3486
7607556,	8556555,	1878
2814419,	8904322,	9655
1438638,	2839688,	9142
5302149,	2000013,	5348
7370800,	7884950,	1359
6918075,	5158688,	8424
3215227,	1246926,	7478
9183241,	2566758,	5761
6761022,	4181429,	1143
5083070,	3835254,	1131
1956070,	3216612,	2089
8460420,	1255680,	5805
4486042,	2854494,	1221
1099773,	6219861,	1055
9354808,	2742938,	8625
5322303,	4199187,	7464
2558963,	9911986,	7529
6138406,	9980251,	8458
9515490,	1765861,	8667
8439563,	4840962,	5058
1040945,	2753529,	2029
4596794,	9891013,	7362
4861289,	6573902,	9364
1631693,	5985232,	5085
5685420,	4805655,	1276
4055580,	6024114,	5521
9476532,	3701842,	1322
8754828,	7255699,	6998
9643915,	3977730,	3065
5604918,	3590507,	8197
1374280,	3182044,	3550
9562867,	4109108,	7699
4864135,	2569456,	9334
2073587,	7724113,	8110
2178732,	7639353,	3251
5723327,	6401137,	2943
6008227,	3544950,	9894
5796872,	7410191,	1646
8824528,	3241605,	9620
3787299,	1080459,	5676
8648929,	8271924,	2212
4977267,	7300418,	7443
6025828,	8478821,	8555
7886800,	4915652,	1603
1904640,	6193700,	5308
5089357,	1046307,	9484
2394426,	1108437,	1900
3517598,	4033601,	3096
3335645,	1463807,	7566
3011469,	9077439,	7402
5641530,	1627639,	7967
8993232,	7514167,	8999
8158250,	6057695,	4380
8426189,	2814041,	9689
2889091,	6221765,	8509
5923507,	4517800,	7376
6512882,	6113201,	6161
6379249,	4059983,	5971
7980120,	5445633,	2824
4456994,	7400380,	1551
1048235,	1754251,	4409
5050065,	7562585,	1042
4299380,	1503422,	8634
8943463,	5688540,	5255
7907621,	5841477,	4230
5611906,	9191346,	7364
4979880,	7384979,	6025
8097807,	6924650,	5338
1651251,	6500437,	2434
8542368,	1211860,	2143
4911299,	9716823,	5220
5279098,	1489199,	2820
3497073,	4773907,	3579
3741999,	4679697,	4743
4142205,	1670708,	7772
3377724,	3760620,	7463
1156661,	9157983,	6982
3826410,	8968325,	9183
3519115,	7527738,	2054
2425131,	3856065,	3844
5558282,	9031961,	9670
2811615,	7408631,	7953
3327690,	4517116,	8720
2513862,	7336302,	5421
5898560,	7413312,	3735
5066587,	6968110,	1143
5769592,	2704298,	9253
2638570,	9608247,	4543
1703716,	5147099,	4088
4417090,	4803888,	1275
7307502,	7009180,	3148
3216741,	6046943,	9527
1066595,	5116618,	7637
1527248,	2953716,	8727
9534191,	7493374,	5721
5532250,	9674774,	2722
8670972,	3268720,	5552
4478279,	2292957,	8755
2679862,	2041643,	4257
6988232,	5825050,	2149
6328598,	3308734,	4750
3090467,	7385039,	5283
7515363,	2592615,	6415
7015895,	5219122,	7870
7180322,	8221135,	1253
6094056,	3749119,	7957
8238731,	7754286,	3621
3072362,	6037170,	1470
5051479,	7368802,	5671
7603348,	3591330,	8371
9127715,	6445058,	1327
3428329,	9698138,	5839
1098870,	7020902,	8658
8554800,	7117678,	9712
6690901,	1192844,	6807
6097325,	9052315,	8244
6432965,	3492462,	3208
9192012,	3809277,	8509
3759529,	6359886,	3174
8645130,	9644356,	8931
7865447,	3064698,	7443
1240903,	6870269,	4862
8829427,	3446491,	5065
3741156,	3267058,	4933
1516505,	1626836,	1681
1485723,	3227666,	5521
2835637,	1523741,	2691
2841059,	4898715,	6391
5590236,	4925877,	7172
1690981,	7501195,	1956
9521833,	6722509,	8147
9626879,	5719829,	3087
2522993,	3900085,	3636
7408183,	8005619,	3388
6676065,	9967913,	6997
8620433,	6209849,	3668
9227891,	5730662,	7499
2452605,	7040969,	3317
4877275,	3521483,	7502
5098070,	9052447,	2302
1779846,	7325336,	9865
1855308,	8866702,	9999
1030496,	3532648,	5128
2121656,	4943615,	7134
9979173,	4041798,	6820
4756434,	5032624,	3784
1769104,	6833820,	3581
7455660,	1446862,	9087
8294911,	8092293,	4869
4953051,	8142723,	5394
1541884,	7776716,	2230
6862018,	5724908,	9106
9148906,	5056413,	2114
2120846,	1583538,	4469
8522226,	5756790,	4716
4587686,	7729312,	3310
4602118,	2484645,	3295
2601238,	7289841,	2680
1624756,	5868829,	4660
8991199,	8999038,	4350
3142183,	7449793,	8199
6657116,	3618004,	3831
4092695,	4247343,	5144
9325810,	1088250,	3626
1305453,	6468328,	9135
6452859,	8229560,	2678
2549072,	6757451,	8739
2852215,	2294209,	3166
8035321,	9040368,	2054
2749861,	3514186,	3956
8402973,	3925319,	7194
4305584,	6365271,	8123
6974504,	7162766,	2108
7360689,	8908577,	7440
1429026,	3359136,	6376
8792866,	1643199,	2458
9751661,	5601117,	2936
7864729,	3509994,	1607
7171145,	5047549,	1463
1932719,	4233197,	9178
6495368,	7581555,	5521
3053665,	5897232,	1241
3165355,	2699787,	7050
5584824,	8117123,	3397
7294032,	4722718,	3164
7909408,	2421128,	2522
9995762,	1818272,	8218
9048690,	8354740,	6187
1786449,	7380783,	5844
3965815,	1745428,	4127
6865450,	8568093,	4897
9095759,	4905733,	6826
9450773,	5209769,	4174
3635094,	8920769,	3123
9572937,	5207937,	7050
9576373,	7826470,	5092
5943878,	2814356,	3154
8018654,	6900463,	5688
2320844,	9810790,	5256
1469599,	1651297,	9559
3165476,	6419046,	4576
5983328,	4135767,	9054
1234619,	1529637,	7674
7458517,	9364651,	6121
3866229,	2770990,	5002
2943151,	1213107,	2913
2085187,	9083306,	3173
7995644,	3564765,	1692
3326839,	2960427,	9451
7599362,	9258854,	7652
6822507,	9508120,	7067
2768003,	6683666,	2335
8833400,	2210447,	3928
7515388,	9787737,	6065
9880689,	7618389,	3054
4314217,	7711804,	2472
1789681,	2945878,	6459
3928182,	1053101,	2978
2792735,	6961288,	6901
9357169,	1106587,	5344
6105571,	1671267,	1500
4465174,	7432970,	8223
1892408,	5458329,	8542
5011751,	9726869,	3719
1845566,	5527603,	9855
4682041,	3717739,	7087
6806908,	1382255,	8966
6724711,	1150304,	4723
2689367,	2963730,	7871
6377634,	6300569,	2788
8313405,	5216739,	1287
2017870,	9617473,	8835
9258616,	1384598,	9646
1026786,	1847924,	7777
1003495,	6611059,	2002
5252456,	5495881,	4296
2284696,	7206872,	6587
9020748,	2147544,	3897
6254150,	1072099,	4938
3976189,	2419917,	6123
9809794,	7959844,	5253
2617596,	3845133,	1714
1996606,	6861288,	2725
6127350,	9768127,	4036
8969574,	2861416,	3228
6707923,	6828146,	8626
7329898,	2218800,	5633
3864726,	5983357,	3152
5450089,	1376047,	4539
3857591,	5470684,	7829
9456518,	6218974,	6257
8324709,	4384305,	2134
6704789,	8015180,	1621
5752422,	2975549,	6072
8178344,	9614058,	5834
8424770,	9369592,	2119
9241844,	9489954,	5080
5747226,	3278752,	1344
9133349,	9643455,	9227
6264165,	1380158,	1086
2721674,	1982386,	5623
8966782,	8493638,	8303
4574019,	1337227,	5516
2100387,	2406101,	4800
4342480,	7825218,	9401
6023765,	7028204,	9305
3840831,	3008733,	2141
6525565,	3926721,	2092
5293181,	1991310,	3165
2195360,	2981436,	5716
3825735,	8403626,	4851
8252472,	5675791,	2372
5778381,	9683532,	9381
6506433,	6513352,	8736
2028468,	6998281,	7787
3822401,	3164812,	3056
9328260,	2235862,	6801
5480345,	7271320,	1930
4430524,	5779704,	8171
2700793,	3804084,	4818
5555216,	2649932,	3597
1358398,	1053577,	2268
2927503,	3492967,	8037
7401328,	6683980,	6228
5434308,	1654968,	1718
6088118,	3150929,	7317
2392102,	1307443,	2955
5576227,	3171192,	5562
8671727,	8798234,	7222
9396498,	3617927,	8026
1413074,	4807705,	3983
1581540,	8938511,	7303
4437108,	1853353,	6980
6441928,	9770296,	7503
9584071,	9215842,	6248
6398894,	5245457,	7917
4291399,	9823440,	7206
2269635,	4657039,	9118
2046287,	1933357,	7892
3239806,	9402257,	2053
9366936,	6291099,	6518
4582945,	4614483,	8417
8376405,	5269314,	8287
9045944,	9579228,	2843
9168706,	6638752,	9675
8157194,	1562531,	2060
5324028,	8684182,	6541
1435415,	8445826,	2250
3604524,	9403171,	7757
1721985,	3049306,	7778
4802694,	8881576,	8845
1709555,	9974839,	9552
5095229,	3484289,	3765
5815679,	1519806,	8340
9309752,	6970845,	2444
3137376,	9920374,	3702
5782517,	8012119,	7782
7542087,	4488850,	7716
3903809,	5020056,	6734
8346398,	1738881,	6855
5428938,	6084278,	9233
4387143,	9107544,	9125
3846751,	8934604,	8586
2595857,	1828195,	1792
4269313,	1481015,	5051
3629286,	4145387,	6942
2594251,	3496564,	3040
2512369,	1181437,	7649
5842028,	6982182,	6672
1665360,	3526559,	1072
5488592,	8523353,	4622
1084167,	1942141,	6682
2420663,	5818115,	3196
9367125,	6091005,	5337
3473396,	9115942,	3993
4500626,	8453797,	4326
9153951,	3482051,	9500
1112934,	6141209,	4276
3286342,	5690786,	3691
2827479,	8240856,	2065
8939308,	4290785,	8828
8885234,	1330312,	4036
7264445,	5174293,	6865
9652523,	4183838,	5403
3644388,	8723723,	8457
5184538,	6851853,	2215
8839860,	2541703,	1618
5906052,	7682980,	9931
9030897,	9962857,	9649
4132883,	7794008,	2336
1093951,	6763326,	7212
1876135,	6255674,	7446
3464727,	4946449,	5461
4207852,	8541494,	2783
4458593,	5860193,	6605
9523818,	9463872,	6297
7241387,	7972361,	7977
9094247,	8795661,	9001
7147942,	6412300,	1237
1891622,	7330157,	3357
2885315,	9164473,	2948
2221141,	8237877,	8791
3518219,	8520713,	7172
5289155,	3571949,	4489
5167079,	6091295,	4553
1176918,	2370166,	3142
6694712,	7197353,	2047
4129133,	7195830,	4083
4169148,	1352814,	8939
2776810,	7725526,	5846
2555859,	9007929,	5407
1533303,	2444933,	1463
3911129,	7475259,	4421
7014907,	8939063,	6477
4978261,	4831819,	5863
3906633,	3124428,	3326
8868749,	8529151,	3090
1354582,	1631493,	4343
5367605,	1312382,	8175
5938283,	8550919,	6229
4452216,	2802884,	5882
6998637,	9540031,	8572
9586541,	6649578,	5375
7719353,	4685816,	9847
2780503,	1666187,	1023
3915360,	2314047,	7071
2073365,	1236528,	8688
1353670,	3101324,	6587
7621745,	8783720,	2260
7793187,	7527206,	7759
2468967,	1202128,	4331
1359842,	1424956,	7589
4453423,	6794771,	4427
2655655,	2150590,	4328
6825957,	1304964,	7030
3579712,	3854707,	8275
2839690,	9366873,	6979
7238697,	2422532,	3748
9556056,	9911620,	7054
8057708,	5002019,	4228
5275150,	4026120,	6357
5261484,	3148208,	8369
7721065,	5618560,	4588
2541464,	3917222,	1862
7533897,	2732498,	5415
2290427,	4355539,	4551
9908592,	2627338,	5799
1239934,	1543755,	9200
7758175,	9933919,	6035
6423557,	8967056,	3626
4628985,	1273456,	9960
7772785,	6695311,	1096
8116332,	3499882,	2298
1093956,	7994762,	1115
9728042,	8347451,	1283
3809270,	7369305,	2616
3668046,	9226692,	9196
2677687,	9313519,	4103
1255727,	5193706,	2921
5871876,	2721252,	7223
3114134,	7876766,	1490
7434381,	2644591,	2280
9298794,	9732700,	9519
5410605,	1655337,	6993
3044272,	4536344,	4767
5490002,	2177725,	3650
5581556,	2751772,	4394
1292663,	9536079,	6375
8336704,	5991284,	3722
1313381,	8469885,	2770
6248561,	7547975,	9903
8184781,	3801391,	7851
3368749,	5370409,	9530
4696463,	7485243,	3966
1547908,	2320569,	8253
6869094,	4128236,	5288
2810781,	3013779,	2498
7960195,	9426241,	1911
8359631,	1281040,	5555
4684164,	4479797,	5981
2718284,	9538963,	5594
6764141,	8849088,	7247
7117148,	5388603,	2457
9158894,	6631451,	9350
3380628,	2515463,	7058
3706854,	3122722,	5667
6086275,	4120061,	3124
2663270,	7471874,	8055
1590296,	3077840,	2807
7060901,	4242269,	1020
7494248,	6204884,	9061
3759582,	4133029,	6943
1486580,	9715164,	1209
1103685,	7888157,	2333
2017100,	9296300,	4104
7124226,	2113722,	4801
1599130,	3729098,	4443
7492492,	2391948,	5736
7313170,	1281375,	3127
2550035,	2000185,	2517
8996628,	7038564,	9741
1962990,	3321021,	8145
7233006,	7303431,	9905
8776280,	3286685,	5999
8562334,	7794165,	6347
4000877,	9087979,	3265
5193701,	7482195,	1582
3648154,	4234107,	4400
7967242,	7298919,	7041
5073812,	8344272,	6156
1304718,	6698931,	3732
9743294,	9788334,	1455
